4.000 -0.08607 -0.07631
4.010 -0.11503 -0.02067
4.020 -0.10925 0.04160
4.030 -0.06706 0.09376
4.040 -0.00312 0.11160
4.050 0.06127 0.08899
4.060 0.10004 0.02965
4.070 0.09423 -0.03830
4.080 0.05445 -0.08489
4.090 -0.00066 -0.10423
4.100 -0.05818 -0.09437
4.110 -0.10159 -0.05742
4.120 -0.12126 0.00071
4.130 -0.10669 0.06264
4.140 -0.05987 0.10445
4.150 0.00227 0.11337
4.160 0.05699 0.08269
4.170 0.08324 0.02991
4.180 0.07523 -0.02569
4.190 0.03627 -0.06746
4.200 -0.01858 -0.07744
4.210 -0.07098 -0.05493
4.220 -0.10306 -0.00688
4.230 -0.10106 0.05450
4.240 -0.06363 0.10320
4.250 -0.00567 0.12463
4.260 0.05297 0.11132
4.270 0.09669 0.06813
4.280 0.10886 0.01146
4.290 0.09070 -0.04135
4.300 0.04662 -0.07618
4.310 -0.01078 -0.08586
4.320 -0.06214 -0.05566
4.330 -0.08566 -0.00026
4.340 -0.07244 0.05802
4.350 -0.03068 0.09946
4.360 0.02644 0.10947
4.370 0.08237 0.08825
4.380 0.11775 0.03896
4.390 0.12110 -0.02458
4.400 0.08577 -0.08069
4.410 0.02189 -0.10767
4.420 -0.04304 -0.08772
4.430 -0.08119 -0.04036
4.440 -0.08771 0.02009
4.450 -0.05883 0.07557
4.460 -0.00240 0.10476
4.470 0.05953 0.10031
4.480 0.10752 0.06018
4.490 0.12609 0.00026
4.500 0.10919 -0.05913
4.510 0.06848 -0.09840
4.520 0.01400 -0.11305
4.530 -0.04225 -0.09562
4.540 -0.08229 -0.04996
4.550 -0.08728 0.01486
4.560 -0.04892 0.06877
4.570 0.01216 0.08447
4.580 0.06909 0.06254
4.590 0.10179 0.01110
4.600 0.09985 -0.04803
4.610 0.06779 -0.09703
4.620 0.01577 -0.12191
4.630 -0.04163 -0.11623
4.640 -0.08999 -0.07990
4.650 -0.11162 -0.02211
4.660 -0.09700 0.03619
4.670 -0.05155 0.07539
4.680 0.00474 0.08061
4.690 0.05289 0.05483
4.700 0.07844 0.00690
4.710 0.07238 -0.04676
4.720 0.03719 -0.08799
4.730 -0.01574 -0.10556
4.740 -0.07395 -0.08829
4.750 -0.11263 -0.04012
4.760 -0.11717 0.02047
4.770 -0.08694 0.07307
4.780 -0.03311 0.10086
4.790 0.02435 0.09587
4.800 0.07412 0.06142
4.810 0.09465 0.00182
4.820 0.07662 -0.06097
4.830 0.02302 -0.10046
4.840 -0.04589 -0.09832
4.850 -0.09491 -0.05554
4.860 -0.11003 0.00294
4.870 -0.09315 0.05885
4.880 -0.04924 0.09356
4.890 0.00515 0.10068
4.900 0.05381 0.07740
4.910 0.08247 0.03118
4.920 0.08016 -0.02474
4.930 0.04481 -0.06823
4.940 -0.00753 -0.08223
4.950 -0.05648 -0.06478
4.960 -0.08992 -0.02674
4.970 -0.09803 0.02641
4.980 -0.07552 0.07617
4.990 -0.02910 0.10879
5.000 0.03007 0.11153
5.010 0.08396 0.07752
5.020 0.10654 0.01925
5.030 0.09200 -0.03754
5.040 0.05205 -0.07627
5.050 -0.00243 -0.08619
5.060 -0.05221 -0.06651
5.070 -0.08335 -0.01962
5.080 -0.08209 0.03802
5.090 -0.04624 0.08555
5.100 0.01334 0.10217
5.110 0.08660 0.08631
5.120 0.11855 0.02536
5.130 0.11577 -0.04021
5.140 0.07777 -0.09606
5.150 0.01351 -0.12320
5.160 -0.05532 -0.10947
5.170 -0.10267 -0.05969
5.180 -0.11740 0.00575
5.190 -0.09235 0.06989
5.200 -0.03821 0.10759
5.210 0.02830 0.10955
5.220 0.08240 0.07791
5.230 0.11204 0.02173
5.240 0.10602 -0.04153
5.250 0.06448 -0.09372
5.260 -0.00123 -0.11146
5.270 -0.05923 -0.08398
5.280 -0.09519 -0.03097
5.290 -0.09426 0.03240
5.300 -0.05616 0.08461
5.310 0.00423 0.10564
5.320 0.06473 0.09042
5.330 0.10740 0.04190
5.340 0.11772 -0.02214
5.350 0.08913 -0.08270
5.360 0.03292 -0.11677
5.370 -0.03271 -0.11135
5.380 -0.08466 -0.07645
5.390 -0.11025 -0.02006
5.400 -0.10119 0.04375
5.410 -0.06181 0.08971
5.420 -0.00082 0.10826
5.430 0.06162 0.08859
5.440 0.09994 0.03547
5.450 0.09822 -0.03063
5.460 0.05946 -0.07980
5.470 0.00142 -0.09631
5.480 -0.05575 -0.08024
5.490 -0.09491 -0.03094
5.500 -0.09887 0.03273
5.510 -0.06677 0.08728
5.520 -0.00790 0.11457
5.530 0.05780 0.10453
5.540 0.10440 0.05704
5.550 0.11752 -0.00375
5.560 0.09919 -0.06131
5.570 0.05509 -0.10020
5.580 -0.00525 -0.11281
5.590 -0.06410 -0.09451
5.600 -0.10051 -0.04341
5.610 -0.10404 0.02087
5.620 -0.06612 0.07662
5.630 -0.00295 0.09670
5.640 0.06030 0.07668
5.650 0.09664 0.02534
5.660 0.09812 -0.03702
5.670 0.06239 -0.09084
5.680 0.00102 -0.11512
5.690 -0.06318 -0.10001
5.700 -0.10649 -0.05128
5.710 -0.11451 0.01298
5.720 -0.08511 0.06938
5.730 -0.03576 0.10146
5.740 0.02157 0.10242
5.750 0.07366 0.07303
5.760 0.10360 0.02027
5.770 0.09952 -0.04308
5.780 0.05904 -0.09375
5.790 -0.00103 -0.11267
5.800 -0.06136 -0.09463
5.810 -0.10074 -0.04422
5.820 -0.10471 0.01817
5.830 -0.07321 0.07099
5.840 -0.01714 0.09724
5.850 0.04611 0.08506
5.860 0.09132 0.03541
5.870 0.09800 -0.03196
5.880 0.06098 -0.09195
5.890 -0.00179 -0.11707
5.900 -0.06870 -0.10459
5.910 -0.11950 -0.05788
5.920 -0.13532 0.00959
5.930 -0.11194 0.07551
5.940 -0.05713 0.11680
5.950 0.00587 0.12350
5.960 0.06431 0.09594
5.970 0.09614 0.03788
5.980 0.08928 -0.02383
5.990 0.05279 -0.06717
6.000 -0.00161 -0.08484
