4.000 -0.00505 -0.00320
4.010 -0.00909 -0.00947
4.020 -0.01516 -0.01211
4.030 -0.02163 -0.01268
4.040 -0.02749 -0.01076
4.050 -0.03172 -0.00800
4.060 -0.03494 -0.00442
4.070 -0.03676 -0.00092
4.080 -0.03747 0.00199
4.090 -0.03802 0.00439
4.100 -0.03895 0.00735
4.110 -0.04032 0.01084
4.120 -0.04257 0.01478
4.130 -0.04419 0.01993
4.140 -0.04503 0.02689
4.150 -0.04330 0.03388
4.160 -0.03974 0.04142
4.170 -0.03393 0.04729
4.180 -0.02558 0.05277
4.190 -0.01652 0.05415
4.200 -0.00788 0.05421
4.210 -0.00007 0.05122
4.220 0.00505 0.04682
4.230 0.00776 0.04288
4.240 0.01048 0.03875
4.250 0.01083 0.03743
4.260 0.01280 0.03532
4.270 0.01449 0.03421
4.280 0.01709 0.03321
4.290 0.02062 0.03152
4.300 0.02416 0.02820
4.310 0.02794 0.02373
4.320 0.02985 0.01674
4.330 0.02987 0.01027
4.340 0.02772 0.00482
4.350 0.02349 0.00116
4.360 0.01808 -0.00137
4.370 0.01290 -0.00106
4.380 0.00932 0.00045
4.390 0.00687 0.00370
4.400 0.00608 0.00730
4.410 0.00709 0.00968
4.420 0.00904 0.01096
4.430 0.01170 0.01112
4.440 0.01285 0.01031
4.450 0.01294 0.00755
4.460 0.01244 0.00614
4.470 0.01118 0.00515
4.480 0.00967 0.00530
4.490 0.00920 0.00729
4.500 0.00908 0.00941
4.510 0.01153 0.01160
4.520 0.01519 0.01254
4.530 0.01971 0.01282
4.540 0.02408 0.01035
4.550 0.02748 0.00617
4.560 0.02938 0.00035
4.570 0.02955 -0.00539
4.580 0.02735 -0.01055
4.590 0.02346 -0.01511
4.600 0.01935 -0.01779
4.610 0.01552 -0.01783
4.620 0.01250 -0.01755
4.630 0.01048 -0.01586
4.640 0.00962 -0.01523
4.650 0.00927 -0.01572
4.660 0.00839 -0.01623
4.670 0.00748 -0.01870
4.680 0.00508 -0.02121
4.690 0.00161 -0.02304
4.700 -0.00287 -0.02450
4.710 -0.00894 -0.02353
4.720 -0.01386 -0.02061
4.730 -0.01743 -0.01585
4.740 -0.01887 -0.00921
4.750 -0.01815 -0.00331
4.760 -0.01578 0.00114
4.770 -0.01189 0.00496
4.780 -0.00748 0.00672
4.790 -0.00428 0.00665
4.800 -0.00223 0.00594
4.810 -0.00080 0.00455
4.820 -0.00085 0.00324
4.830 -0.00076 0.00249
4.840 -0.00112 0.00339
4.850 -0.00001 0.00469
4.860 0.00155 0.00560
4.870 0.00441 0.00634
4.880 0.00746 0.00554
4.890 0.01004 0.00313
4.900 0.01156 -0.00077
4.910 0.01189 -0.00491
4.920 0.00931 -0.00943
4.930 0.00549 -0.01274
4.940 -0.00010 -0.01468
4.950 -0.00486 -0.01487
4.960 -0.00996 -0.01235
4.970 -0.01373 -0.00872
4.980 -0.01507 -0.00416
4.990 -0.01541 0.00074
5.000 -0.01392 0.00436
5.010 -0.01178 0.00703
5.020 -0.00910 0.00789
5.030 -0.00686 0.00812
5.040 -0.00593 0.00770
5.050 -0.00545 0.00768
5.060 -0.00583 0.00810
5.070 -0.00586 0.00970
5.080 -0.00529 0.01260
5.090 -0.00332 0.01531
5.100 0.00030 0.01721
5.110 0.00998 0.02062
5.120 0.01560 0.01867
5.130 0.02048 0.01518
5.140 0.02365 0.00958
5.150 0.02482 0.00402
5.160 0.02423 -0.00106
5.170 0.02168 -0.00624
5.180 0.01783 -0.00897
5.190 0.01421 -0.01062
5.200 0.01055 -0.01139
5.210 0.00728 -0.01116
5.220 0.00507 -0.00919
5.230 0.00437 -0.00754
5.240 0.00440 -0.00656
5.250 0.00481 -0.00628
5.260 0.00461 -0.00639
5.270 0.00400 -0.00521
5.280 0.00289 -0.00604
5.290 0.00091 -0.00609
5.300 -0.00066 -0.00437
5.310 -0.00222 -0.00281
5.320 -0.00289 -0.00058
5.330 -0.00213 0.00304
5.340 0.00017 0.00568
5.350 0.00334 0.00713
5.360 0.00708 0.00751
5.370 0.01104 0.00597
5.380 0.01397 0.00358
5.390 0.01583 -0.00017
5.400 0.01614 -0.00445
5.410 0.01525 -0.00792
5.420 0.01350 -0.01070
5.430 0.01113 -0.01235
5.440 0.00917 -0.01308
5.450 0.00762 -0.01317
5.460 0.00655 -0.01251
5.470 0.00611 -0.01235
5.480 0.00561 -0.01288
5.490 0.00562 -0.01353
5.500 0.00476 -0.01533
5.510 0.00301 -0.01692
5.520 0.00056 -0.01807
5.530 -0.00246 -0.01835
5.540 -0.00558 -0.01777
5.550 -0.00830 -0.01621
5.560 -0.01056 -0.01307
5.570 -0.01168 -0.00998
5.580 -0.01103 -0.00682
5.590 -0.01065 -0.00482
5.600 -0.00823 -0.00294
5.610 -0.00602 -0.00275
5.620 -0.00423 -0.00352
5.630 -0.00363 -0.00479
5.640 -0.00336 -0.00571
5.650 -0.00401 -0.00690
5.660 -0.00525 -0.00745
5.670 -0.00623 -0.00765
5.680 -0.00664 -0.00654
5.690 -0.00692 -0.00554
5.700 -0.00655 -0.00508
5.710 -0.00574 -0.00486
5.720 -0.00555 -0.00544
5.730 -0.00513 -0.00654
5.740 -0.00582 -0.00789
5.750 -0.00750 -0.00918
5.760 -0.00926 -0.01000
5.770 -0.01201 -0.00971
5.780 -0.01438 -0.00802
5.790 -0.01606 -0.00604
5.800 -0.01712 -0.00341
5.810 -0.01687 -0.00036
5.820 -0.01553 0.00215
5.830 -0.01453 0.00358
5.840 -0.01334 0.00418
5.850 -0.01194 0.00473
5.860 -0.01160 0.00441
5.870 -0.01149 0.00427
5.880 -0.01176 0.00426
5.890 -0.01250 0.00558
5.900 -0.01287 0.00687
5.910 -0.01219 0.00971
5.920 -0.01098 0.01147
5.930 -0.00899 0.01278
5.940 -0.00648 0.01358
5.950 -0.00386 0.01346
5.960 -0.00135 0.01216
5.970 0.00030 0.01050
5.980 0.00093 0.00876
5.990 0.00095 0.00690
6.000 0.00007 0.00582
