4.000 0.05528 0.08607
4.010 0.09468 0.03404
4.020 0.09585 -0.03138
4.030 0.05941 -0.08488
4.040 -0.00105 -0.10947
4.050 -0.06303 -0.09554
4.060 -0.10854 -0.05003
4.070 -0.12211 0.01444
4.080 -0.09579 0.07537
4.090 -0.03715 0.11096
4.100 0.03162 0.10340
4.110 0.08002 0.05586
4.120 0.09002 -0.00857
4.130 0.06020 -0.06453
4.140 0.00776 -0.09130
4.150 -0.04795 -0.08576
4.160 -0.09488 -0.05251
4.170 -0.11823 0.00242
4.180 -0.10694 0.06178
4.190 -0.06673 0.10469
4.200 -0.00991 0.12145
4.210 0.04496 0.10484
4.220 0.08155 0.06470
4.230 0.09304 0.01209
4.240 0.07585 -0.03812
4.250 0.03356 -0.07051
4.260 -0.02487 -0.07409
4.270 -0.07486 -0.03919
4.280 -0.09228 0.01885
4.290 -0.07167 0.07561
4.300 -0.02216 0.11137
4.310 0.04366 0.11721
4.320 0.09661 0.08231
4.330 0.12350 0.02494
4.340 0.11395 -0.04098
4.350 0.06807 -0.08798
4.360 0.00867 -0.10016
4.370 -0.04642 -0.07859
4.380 -0.08141 -0.03190
4.390 -0.08526 0.02517
4.400 -0.05732 0.07534
4.410 -0.00442 0.10584
4.420 0.05904 0.10129
4.430 0.10758 0.06117
4.440 0.12681 -0.00099
4.450 0.10716 -0.06344
4.460 0.05800 -0.10276
4.470 -0.00304 -0.10809
4.480 -0.05684 -0.07900
4.490 -0.08521 -0.02479
4.500 -0.07937 0.03544
4.510 -0.03895 0.08316
4.520 0.02482 0.09857
4.530 0.08615 0.07335
4.540 0.12218 0.01428
4.550 0.11573 -0.05718
4.560 0.06816 -0.10715
4.570 0.00963 -0.12212
4.580 -0.04508 -0.11010
4.590 -0.08544 -0.07070
4.600 -0.10132 -0.01280
4.610 -0.07902 0.04451
4.620 -0.02903 0.07716
4.630 0.02673 0.07258
4.640 0.07077 0.03865
4.650 0.08698 -0.01160
4.660 0.07515 -0.06286
4.670 0.03819 -0.10267
4.680 -0.01779 -0.11702
4.690 -0.07679 -0.09880
4.700 -0.11706 -0.04213
4.710 -0.11640 0.02397
4.720 -0.07811 0.07513
4.730 -0.02082 0.09660
4.740 0.03598 0.08144
4.750 0.07385 0.04000
4.760 0.08535 -0.01358
4.770 0.06415 -0.06740
4.780 0.01305 -0.10076
4.790 -0.04851 -0.09830
4.800 -0.09848 -0.05962
4.810 -0.11572 0.00216
4.820 -0.09440 0.06132
4.830 -0.04411 0.09964
4.840 0.01752 0.10116
4.850 0.06775 0.07022
4.860 0.09256 0.01412
4.870 0.08027 -0.04631
4.880 0.03465 -0.08717
4.890 -0.02389 -0.09325
4.900 -0.07417 -0.06878
4.910 -0.10309 -0.02173
4.920 -0.10332 0.03415
4.930 -0.07605 0.08044
4.940 -0.02775 0.10684
4.950 0.02867 0.10303
4.960 0.07310 0.06943
4.970 0.09098 0.01656
4.980 0.07538 -0.03677
4.990 0.03338 -0.07136
5.000 -0.02029 -0.07385
5.010 -0.06701 -0.04525
5.020 -0.08828 0.00568
5.030 -0.07628 0.06094
5.040 -0.03436 0.10058
5.050 0.02400 0.10939
5.060 0.07766 0.08526
5.070 0.11034 0.03566
5.080 0.11059 -0.02356
5.090 0.07986 -0.07523
5.100 0.02674 -0.10129
5.110 -0.04851 -0.11107
5.120 -0.10407 -0.05863
5.130 -0.11349 0.01595
5.140 -0.07677 0.07697
5.150 -0.01450 0.10673
5.160 0.05070 0.09561
5.170 0.09535 0.05101
5.180 0.10829 -0.00792
5.190 0.08926 -0.06489
5.200 0.04058 -0.10595
5.210 -0.02780 -0.11069
5.220 -0.08568 -0.07579
5.230 -0.11454 -0.01573
5.240 -0.10447 0.05098
5.250 -0.06078 0.10114
5.260 0.00330 0.11935
5.270 0.05999 0.09461
5.280 0.10373 0.05194
5.290 0.11785 -0.01073
5.300 0.09146 -0.07448
5.310 0.03466 -0.10987
5.320 -0.03042 -0.10909
5.330 -0.08200 -0.07137
5.340 -0.10344 -0.01276
5.350 -0.08872 0.04909
5.360 -0.04067 0.09192
5.370 0.02371 0.09900
5.380 0.08127 0.06677
5.390 0.10668 0.00282
5.400 0.08726 -0.06230
5.410 0.03752 -0.09929
5.420 -0.02046 -0.10630
5.430 -0.07495 -0.08040
5.440 -0.10777 -0.02829
5.450 -0.11021 0.03409
5.460 -0.07865 0.09117
5.470 -0.01757 0.12178
5.480 0.05431 0.10957
5.490 0.10302 0.05956
5.500 0.11345 -0.00777
5.510 0.08807 -0.06208
5.520 0.03965 -0.09156
5.530 -0.01713 -0.09502
5.540 -0.06563 -0.06714
5.550 -0.09205 -0.01523
5.560 -0.08250 0.04639
5.570 -0.03686 0.09236
5.580 0.02995 0.09831
5.590 0.09101 0.06673
5.600 0.11671 0.00598
5.610 0.10580 -0.05809
5.620 0.06356 -0.10654
5.630 0.00072 -0.12517
5.640 -0.06573 -0.10633
5.650 -0.11044 -0.05408
5.660 -0.11737 0.01311
5.670 -0.08596 0.07083
5.680 -0.02715 0.10140
5.690 0.03322 0.09255
5.700 0.07775 0.05383
5.710 0.09559 0.00122
5.720 0.08195 -0.05489
5.730 0.03867 -0.09525
5.740 -0.02274 -0.10372
5.750 -0.07881 -0.07515
5.760 -0.10696 -0.01628
5.770 -0.09502 0.04705
5.780 -0.04740 0.09111
5.790 0.01114 0.10142
5.800 0.06722 0.07909
5.810 0.10431 0.02672
5.820 0.10575 -0.03864
5.830 0.06946 -0.09580
5.840 0.00885 -0.12302
5.850 -0.05945 -0.11132
5.860 -0.10930 -0.06364
5.870 -0.12307 0.00242
5.880 -0.10137 0.06165
5.890 -0.05294 0.09926
5.900 0.00842 0.10481
5.910 0.06724 0.07358
5.920 0.09180 0.01489
5.930 0.07653 -0.04787
5.940 0.02549 -0.09005
5.950 -0.03652 -0.09182
5.960 -0.09218 -0.05901
5.970 -0.11885 0.00233
5.980 -0.10659 0.07067
5.990 -0.05876 0.11938
6.000 0.00660 0.13310
