4.000 0.28963 0.04961
4.010 0.26004 -0.12049
4.020 0.15220 -0.24664
4.030 -0.00569 -0.28797
4.040 -0.15523 -0.24779
4.050 -0.26691 -0.14152
4.060 -0.30354 -0.00434
4.070 -0.27659 0.13412
4.080 -0.18001 0.24846
4.090 -0.03134 0.30176
4.100 0.13948 0.25427
4.110 0.24868 0.10790
4.120 0.24935 -0.06917
4.130 0.14283 -0.20870
4.140 -0.01403 -0.25575
4.150 -0.16489 -0.21447
4.160 -0.26806 -0.10291
4.170 -0.30488 0.04050
4.180 -0.26225 0.18730
4.190 -0.14993 0.29653
4.200 0.00937 0.32931
4.210 0.16397 0.26597
4.220 0.25198 0.13775
4.230 0.25904 -0.01274
4.240 0.19104 -0.13573
4.250 0.07054 -0.20433
4.260 -0.06147 -0.19840
4.270 -0.17436 -0.12802
4.280 -0.23511 -0.00712
4.290 -0.21682 0.13397
4.300 -0.12082 0.24637
4.310 0.03654 0.28366
4.320 0.17832 0.22194
4.330 0.25891 0.09712
4.340 0.25740 -0.04272
4.350 0.19011 -0.15475
4.360 0.07840 -0.21298
4.370 -0.04227 -0.21811
4.380 -0.15163 -0.15973
4.390 -0.22132 -0.04688
4.400 -0.21646 0.08939
4.410 -0.13007 0.20058
4.420 -0.00460 0.24209
4.430 0.12263 0.20616
4.440 0.20320 0.11233
4.450 0.22263 -0.00148
4.460 0.18457 -0.10801
4.470 0.10143 -0.18344
4.480 -0.00708 -0.20710
4.490 -0.11530 -0.17005
4.500 -0.19611 -0.07306
4.510 -0.20522 0.06031
4.520 -0.13255 0.17186
4.530 -0.01703 0.21944
4.540 0.09862 0.19506
4.550 0.18263 0.11932
4.560 0.21523 0.01703
4.570 0.19834 -0.08656
4.580 0.13539 -0.16838
4.590 0.03323 -0.20956
4.600 -0.07928 -0.19368
4.610 -0.16824 -0.11375
4.620 -0.19466 0.00300
4.630 -0.14725 0.10922
4.640 -0.05392 0.17110
4.650 0.05203 0.17108
4.660 0.13862 0.11593
4.670 0.18856 0.02697
4.680 0.18651 -0.07575
4.690 0.13410 -0.16629
4.700 0.03138 -0.22437
4.710 -0.08990 -0.21646
4.720 -0.18729 -0.13397
4.730 -0.22333 -0.01259
4.740 -0.18620 0.10222
4.750 -0.09619 0.17619
4.760 0.00960 0.18721
4.770 0.10597 0.14859
4.780 0.17011 0.07078
4.790 0.18569 -0.03156
4.800 0.14301 -0.13012
4.810 0.04545 -0.19337
4.820 -0.06964 -0.18625
4.830 -0.16363 -0.11490
4.840 -0.19583 -0.00485
4.850 -0.16198 0.09871
4.860 -0.08424 0.16786
4.870 0.01411 0.18305
4.880 0.10567 0.15251
4.890 0.17088 0.08341
4.900 0.19566 -0.01549
4.910 0.16309 -0.11644
4.920 0.07856 -0.18567
4.930 -0.03448 -0.19801
4.940 -0.13031 -0.14736
4.950 -0.17351 -0.05930
4.960 -0.17421 0.03658
4.970 -0.12708 0.11635
4.980 -0.04621 0.16250
4.990 0.04632 0.16222
5.000 0.12790 0.11051
5.010 0.16946 0.02013
5.020 0.14989 -0.08036
5.030 0.07558 -0.15084
5.040 -0.02151 -0.16371
5.050 -0.10880 -0.12543
5.060 -0.15927 -0.04778
5.070 -0.16239 0.04122
5.080 -0.12235 0.11770
5.090 -0.04754 0.16901
5.100 0.04349 0.17301
5.110 0.19438 0.14046
5.120 0.22807 0.02213
5.130 0.18915 -0.09246
5.140 0.10183 -0.16597
5.150 -0.00106 -0.18162
5.160 -0.09342 -0.14416
5.170 -0.14698 -0.06830
5.180 -0.15960 0.02373
5.190 -0.12765 0.10980
5.200 -0.04921 0.17108
5.210 0.05517 0.17777
5.220 0.15068 0.12700
5.230 0.20186 0.02442
5.240 0.18633 -0.08884
5.250 0.11032 -0.17197
5.260 0.00334 -0.19721
5.270 -0.06748 -0.14745
5.280 -0.12717 -0.08785
5.290 -0.15199 -0.00908
5.300 -0.13533 0.07126
5.310 -0.07955 0.13446
5.320 0.00414 0.16089
5.330 0.08969 0.13817
5.340 0.15075 0.07231
5.350 0.16493 -0.01946
5.360 0.12612 -0.10102
5.370 0.05304 -0.14679
5.380 -0.03369 -0.14511
5.390 -0.10258 -0.10214
5.400 -0.13794 -0.03120
5.410 -0.13203 0.05058
5.420 -0.08151 0.11942
5.430 0.00047 0.14887
5.440 0.08555 0.12979
5.450 0.14935 0.06697
5.460 0.16735 -0.02130
5.470 0.13506 -0.10354
5.480 0.06621 -0.15595
5.490 -0.01898 -0.16439
5.500 -0.09341 -0.13202
5.510 -0.14329 -0.06558
5.520 -0.15151 0.01632
5.530 -0.11327 0.09195
5.540 -0.04139 0.13760
5.550 0.04439 0.13694
5.560 0.11745 0.08553
5.570 0.14922 0.00434
5.580 0.13082 -0.08213
5.590 0.06907 -0.15323
5.600 -0.02155 -0.17348
5.610 -0.10905 -0.14138
5.620 -0.16591 -0.06355
5.630 -0.17233 0.03260
5.640 -0.12469 0.11740
5.650 -0.03995 0.15961
5.660 0.05473 0.15068
5.670 0.12652 0.09140
5.680 0.15412 0.00841
5.690 0.13626 -0.07594
5.700 0.07829 -0.14028
5.710 -0.00397 -0.16548
5.720 -0.08961 -0.14426
5.730 -0.15054 -0.07820
5.740 -0.16858 0.01065
5.750 -0.13573 0.09400
5.760 -0.06012 0.14766
5.770 0.02893 0.14902
5.780 0.10417 0.10147
5.790 0.14027 0.02343
5.800 0.13154 -0.06011
5.810 0.08049 -0.12839
5.820 -0.00327 -0.15765
5.830 -0.09101 -0.14084
5.840 -0.15775 -0.07369
5.850 -0.17536 0.01680
5.860 -0.14147 0.10216
5.870 -0.06770 0.15486
5.880 0.02140 0.15804
5.890 0.09426 0.11531
5.900 0.13249 0.04668
5.910 0.13504 -0.03477
5.920 0.09302 -0.10350
5.930 0.01967 -0.14282
5.940 -0.06522 -0.13593
5.950 -0.13556 -0.08014
5.960 -0.16326 0.00570
5.970 -0.13777 0.09169
5.980 -0.07170 0.14837
5.990 0.01614 0.16113
6.000 0.09478 0.12837
