4.000 -0.00933 0.00344
4.010 -0.00657 0.00295
4.020 -0.00538 0.00083
4.030 -0.00519 -0.00101
4.040 -0.00604 -0.00293
4.050 -0.00764 -0.00391
4.060 -0.00952 -0.00407
4.070 -0.01123 -0.00374
4.080 -0.01242 -0.00311
4.090 -0.01333 -0.00247
4.100 -0.01452 -0.00206
4.110 -0.01606 -0.00164
4.120 -0.01760 0.00020
4.130 -0.01919 0.00236
4.140 -0.02111 0.00463
4.150 -0.02242 0.00803
4.160 -0.02256 0.01192
4.170 -0.02174 0.01656
4.180 -0.01959 0.02094
4.190 -0.01616 0.02466
4.200 -0.01173 0.02623
4.210 -0.00751 0.02792
4.220 -0.00318 0.02782
4.230 0.00072 0.02718
4.240 0.00331 0.02517
4.250 0.00565 0.02408
4.260 0.00796 0.02221
4.270 0.00982 0.02075
4.280 0.01107 0.01941
4.290 0.01220 0.01852
4.300 0.01406 0.01718
4.310 0.01678 0.01577
4.320 0.01824 0.01360
4.330 0.01915 0.01055
4.340 0.01924 0.00760
4.350 0.01861 0.00521
4.360 0.01716 0.00365
4.370 0.01525 0.00300
4.380 0.01377 0.00258
4.390 0.01281 0.00320
4.400 0.01260 0.00447
4.410 0.01393 0.00530
4.420 0.01534 0.00514
4.430 0.01700 0.00472
4.440 0.01907 0.00354
4.450 0.02075 0.00164
4.460 0.02192 -0.00089
4.470 0.02222 -0.00263
4.480 0.02214 -0.00514
4.490 0.02119 -0.00710
4.500 0.02046 -0.00856
4.510 0.02009 -0.00976
4.520 0.01984 -0.01175
4.530 0.01927 -0.01322
4.540 0.01876 -0.01645
4.550 0.01605 -0.02000
4.560 0.01269 -0.02238
4.570 0.01000 -0.02418
4.580 0.00686 -0.02483
4.590 0.00371 -0.02547
4.600 0.00108 -0.02549
4.610 -0.00217 -0.02459
4.620 -0.00429 -0.02319
4.630 -0.00612 -0.02173
4.640 -0.00761 -0.02088
4.650 -0.00846 -0.01942
4.660 -0.00991 -0.01867
4.670 -0.01116 -0.01760
4.680 -0.01264 -0.01662
4.690 -0.01465 -0.01547
4.700 -0.01631 -0.01305
4.710 -0.01776 -0.01052
4.720 -0.01842 -0.00785
4.730 -0.01818 -0.00521
4.740 -0.01763 -0.00286
4.750 -0.01658 -0.00131
4.760 -0.01556 -0.00028
4.770 -0.01426 0.00058
4.780 -0.01347 0.00118
4.790 -0.01247 0.00142
4.800 -0.01185 0.00215
4.810 -0.01105 0.00251
4.820 -0.01048 0.00275
4.830 -0.01028 0.00352
4.840 -0.00969 0.00340
4.850 -0.00948 0.00373
4.860 -0.00917 0.00346
4.870 -0.00949 0.00341
4.880 -0.01031 0.00361
4.890 -0.01096 0.00399
4.900 -0.01213 0.00468
4.910 -0.01279 0.00587
4.920 -0.01341 0.00846
4.930 -0.01336 0.01063
4.940 -0.01244 0.01334
4.950 -0.01048 0.01515
4.960 -0.00872 0.01703
4.970 -0.00555 0.01855
4.980 -0.00277 0.01902
4.990 0.00042 0.01891
5.000 0.00296 0.01846
5.010 0.00612 0.01743
5.020 0.00830 0.01609
5.030 0.01034 0.01409
5.040 0.01163 0.01247
5.050 0.01304 0.01053
5.060 0.01393 0.00886
5.070 0.01483 0.00629
5.080 0.01535 0.00379
5.090 0.01527 0.00063
5.100 0.01422 -0.00187
5.110 0.01407 -0.00643
5.120 0.01088 -0.00869
5.130 0.00754 -0.00953
5.140 0.00447 -0.00959
5.150 0.00135 -0.00857
5.160 -0.00109 -0.00700
5.170 -0.00240 -0.00501
5.180 -0.00296 -0.00314
5.190 -0.00341 -0.00130
5.200 -0.00318 0.00030
5.210 -0.00263 0.00213
5.220 -0.00197 0.00361
5.230 -0.00101 0.00448
5.240 0.00039 0.00632
5.250 0.00208 0.00659
5.260 0.00405 0.00726
5.270 0.00581 0.00686
5.280 0.00826 0.00621
5.290 0.01084 0.00419
5.300 0.01266 0.00155
5.310 0.01344 -0.00178
5.320 0.01309 -0.00524
5.330 0.01183 -0.00892
5.340 0.00909 -0.01166
5.350 0.00554 -0.01359
5.360 0.00194 -0.01371
5.370 -0.00198 -0.01354
5.380 -0.00541 -0.01140
5.390 -0.00799 -0.00912
5.400 -0.00953 -0.00571
5.410 -0.01035 -0.00268
5.420 -0.00989 -0.00045
5.430 -0.00962 0.00261
5.440 -0.00832 0.00502
5.450 -0.00662 0.00692
5.460 -0.00517 0.00902
5.470 -0.00303 0.00979
5.480 -0.00026 0.01146
5.490 0.00320 0.01171
5.500 0.00668 0.01084
5.510 0.00960 0.00956
5.520 0.01220 0.00812
5.530 0.01466 0.00529
5.540 0.01622 0.00156
5.550 0.01673 -0.00228
5.560 0.01629 -0.00632
5.570 0.01474 -0.00984
5.580 0.01214 -0.01303
5.590 0.00921 -0.01571
5.600 0.00566 -0.01695
5.610 0.00288 -0.01706
5.620 -0.00026 -0.01670
5.630 -0.00342 -0.01577
5.640 -0.00572 -0.01370
5.650 -0.00772 -0.01225
5.660 -0.00897 -0.01025
5.670 -0.01038 -0.00823
5.680 -0.01077 -0.00533
5.690 -0.01080 -0.00279
5.700 -0.00992 -0.00099
5.710 -0.00873 0.00124
5.720 -0.00694 0.00279
5.730 -0.00477 0.00425
5.740 -0.00239 0.00469
5.750 0.00024 0.00364
5.760 0.00246 0.00302
5.770 0.00415 0.00048
5.780 0.00507 -0.00194
5.790 0.00479 -0.00449
5.800 0.00398 -0.00734
5.810 0.00248 -0.01007
5.820 0.00022 -0.01155
5.830 -0.00220 -0.01312
5.840 -0.00542 -0.01391
5.850 -0.00895 -0.01398
5.860 -0.01221 -0.01285
5.870 -0.01570 -0.01112
5.880 -0.01885 -0.00898
5.890 -0.02147 -0.00599
5.900 -0.02314 -0.00247
5.910 -0.02482 0.00217
5.920 -0.02477 0.00672
5.930 -0.02329 0.01154
5.940 -0.02047 0.01568
5.950 -0.01746 0.01857
5.960 -0.01382 0.02092
5.970 -0.00940 0.02279
5.980 -0.00482 0.02308
5.990 -0.00136 0.02290
6.000 0.00140 0.02186
