4.000 -0.29747 -0.05742
4.010 -0.29042 0.09754
4.020 -0.19718 0.22964
4.030 -0.04733 0.29334
4.040 0.11870 0.26699
4.050 0.24188 0.14674
4.060 0.27645 -0.02538
4.070 0.20847 -0.17875
4.080 0.06794 -0.26938
4.090 -0.09345 -0.27178
4.100 -0.22522 -0.19573
4.110 -0.30574 -0.06449
4.120 -0.30973 0.08820
4.130 -0.23470 0.22488
4.140 -0.09965 0.30797
4.150 0.06259 0.30815
4.160 0.20048 0.21386
4.170 0.25847 0.05870
4.180 0.21991 -0.09828
4.190 0.10183 -0.20196
4.200 -0.03839 -0.21999
4.210 -0.16950 -0.16327
4.220 -0.25106 -0.04723
4.230 -0.26193 0.09886
4.240 -0.19097 0.23220
4.250 -0.05661 0.31077
4.260 0.10473 0.29801
4.270 0.23288 0.19294
4.280 0.27513 0.04425
4.290 0.23461 -0.09399
4.300 0.13915 -0.18206
4.310 0.01644 -0.22053
4.320 -0.10737 -0.18560
4.330 -0.19691 -0.08902
4.340 -0.22234 0.04299
4.350 -0.17137 0.16939
4.360 -0.05590 0.24419
4.370 0.08588 0.24168
4.380 0.19770 0.15519
4.390 0.24006 0.02908
4.400 0.21415 -0.09035
4.410 0.13452 -0.17800
4.420 0.02147 -0.21653
4.430 -0.09899 -0.19521
4.440 -0.19439 -0.10956
4.450 -0.22974 0.01873
4.460 -0.18413 0.14691
4.470 -0.07165 0.22766
4.480 0.05397 0.22582
4.490 0.15408 0.16048
4.500 0.20788 0.06269
4.510 0.20829 -0.04194
4.520 0.15631 -0.13566
4.530 0.06485 -0.19026
4.540 -0.04435 -0.18925
4.550 -0.14336 -0.12963
4.560 -0.19385 -0.02095
4.570 -0.16640 0.10138
4.580 -0.07281 0.18080
4.590 0.04367 0.19033
4.600 0.14126 0.14186
4.610 0.19975 0.05525
4.620 0.20870 -0.04672
4.630 0.16579 -0.13681
4.640 0.07803 -0.20523
4.650 -0.03237 -0.21981
4.660 -0.14340 -0.16814
4.670 -0.20283 -0.06063
4.680 -0.18871 0.06167
4.690 -0.11352 0.14601
4.700 -0.00945 0.17588
4.710 0.08956 0.15023
4.720 0.16052 0.07612
4.730 0.18295 -0.02336
4.740 0.15052 -0.12315
4.750 0.06794 -0.19258
4.760 -0.04655 -0.20935
4.770 -0.15591 -0.15324
4.780 -0.21194 -0.04537
4.790 -0.19676 0.07349
4.800 -0.12456 0.16092
4.810 -0.02231 0.19400
4.820 0.07953 0.17806
4.830 0.15888 0.10962
4.840 0.19364 0.01024
4.850 0.17218 -0.09354
4.860 0.09524 -0.17412
4.870 -0.01236 -0.19431
4.880 -0.11527 -0.15077
4.890 -0.17184 -0.06062
4.900 -0.17168 0.04077
4.910 -0.12129 0.12578
4.920 -0.03571 0.17196
4.930 0.06041 0.16490
4.940 0.14262 0.11134
4.950 0.17530 0.02334
4.960 0.16486 -0.07804
4.970 0.09896 -0.15790
4.980 -0.00413 -0.18723
4.990 -0.10162 -0.15230
5.000 -0.16566 -0.07488
5.010 -0.17875 0.01981
5.020 -0.14486 0.10330
5.030 -0.07355 0.15805
5.040 0.01436 0.17347
5.050 0.10172 0.13929
5.060 0.15969 0.06467
5.070 0.16482 -0.03287
5.080 0.11268 -0.11511
5.090 0.02023 -0.15258
5.100 -0.07019 -0.13042
5.110 -0.17007 -0.05409
5.120 -0.17309 0.04614
5.130 -0.12756 0.13485
5.140 -0.03765 0.19155
5.150 0.06435 0.19510
5.160 0.15482 0.14112
5.170 0.20396 0.04668
5.180 0.19748 -0.06085
5.190 0.13454 -0.14860
5.200 0.03700 -0.18843
5.210 -0.06187 -0.17436
5.220 -0.13995 -0.11368
5.230 -0.17641 -0.02192
5.240 -0.15877 0.07431
5.250 -0.09249 0.14891
5.260 0.00252 0.17972
5.270 0.07498 0.14080
5.280 0.14447 0.07963
5.290 0.16598 -0.01317
5.300 0.13032 -0.09914
5.310 0.05599 -0.15108
5.320 -0.03253 -0.15258
5.330 -0.10418 -0.11139
5.340 -0.14460 -0.03793
5.350 -0.14253 0.04433
5.360 -0.09854 0.11687
5.370 -0.02239 0.15487
5.380 0.06605 0.14821
5.390 0.13792 0.09321
5.400 0.16776 0.00815
5.410 0.14847 -0.07707
5.420 0.08746 -0.13779
5.430 0.00895 -0.15961
5.440 -0.06617 -0.13706
5.450 -0.12222 -0.08027
5.460 -0.14218 -0.00460
5.470 -0.11959 0.07362
5.480 -0.05533 0.12978
5.490 0.03137 0.14199
5.500 0.10993 0.10229
5.510 0.15400 0.02361
5.520 0.14751 -0.06531
5.530 0.09496 -0.13611
5.540 0.01418 -0.16774
5.550 -0.07290 -0.15488
5.560 -0.13768 -0.09776
5.570 -0.16399 -0.01361
5.580 -0.14375 0.07039
5.590 -0.08194 0.14337
5.600 0.01150 0.15737
5.610 0.09662 0.12059
5.620 0.14712 0.04383
5.630 0.14914 -0.04450
5.640 0.10506 -0.11887
5.650 0.02731 -0.16115
5.660 -0.05989 -0.15670
5.670 -0.13291 -0.10737
5.680 -0.17093 -0.02532
5.690 -0.15636 0.06799
5.700 -0.09173 0.13725
5.710 0.00280 0.15877
5.720 0.08887 0.12261
5.730 0.14152 0.05108
5.740 0.14747 -0.03757
5.750 0.10645 -0.11576
5.760 0.03257 -0.15889
5.770 -0.05606 -0.15991
5.780 -0.13327 -0.11226
5.790 -0.17277 -0.03126
5.800 -0.16121 0.05987
5.810 -0.10106 0.12875
5.820 -0.01640 0.15272
5.830 0.06393 0.12999
5.840 0.11839 0.07188
5.850 0.13592 -0.00651
5.860 0.11111 -0.08199
5.870 0.04801 -0.13709
5.880 -0.03823 -0.15100
5.890 -0.12026 -0.11617
5.900 -0.17066 -0.03431
5.910 -0.16648 0.06587
5.920 -0.10680 0.13846
5.930 -0.02048 0.16691
5.940 0.06328 0.14755
5.950 0.12375 0.09059
5.960 0.14625 0.01233
5.970 0.12819 -0.06586
5.980 0.07252 -0.12633
5.990 -0.01184 -0.14874
6.000 -0.09476 -0.12094
