4.000 0.01346 -0.21200
4.010 0.02374 0.00440
4.020 0.04942 0.23151
4.030 0.07707 0.36379
4.040 0.09464 0.35600
4.050 0.09499 0.15640
4.060 0.08700 -0.09412
4.070 0.12986 -0.35956
4.080 0.18062 -0.51264
4.090 0.20562 -0.49516
4.100 0.18266 -0.31829
4.110 0.11797 0.01065
4.120 -0.00507 0.36056
4.130 -0.16490 0.63767
4.140 -0.32259 0.68851
4.150 -0.47431 0.51348
4.160 -0.52359 0.18986
4.170 -0.47328 -0.19212
4.180 -0.32931 -0.53629
4.190 -0.10369 -0.76411
4.200 0.14892 -0.73667
4.210 0.33477 -0.48894
4.220 0.44386 -0.07845
4.230 0.44858 0.34881
4.240 0.37683 0.67227
4.250 0.15873 0.81851
4.260 -0.07606 0.72446
4.270 -0.26962 0.43212
4.280 -0.37107 0.02873
4.290 -0.37816 -0.36161
4.300 -0.29416 -0.62154
4.310 -0.18237 -0.73732
4.320 -0.00180 -0.60113
4.330 0.20751 -0.26843
4.340 0.35695 0.05896
4.350 0.34704 0.36239
4.360 0.20665 0.52696
4.370 0.00893 0.50360
4.380 -0.16977 0.34109
4.390 -0.30276 0.04333
4.400 -0.30509 -0.26536
4.410 -0.19480 -0.46045
4.420 -0.00060 -0.45736
4.430 0.20937 -0.23912
4.440 0.33047 0.06781
4.450 0.30542 0.40251
4.460 0.14044 0.64420
4.470 -0.15455 0.75280
4.480 -0.41115 0.58407
4.490 -0.57753 0.23929
4.500 -0.54876 -0.18582
4.510 -0.35135 -0.57925
4.520 -0.05942 -0.79131
4.530 0.32238 -0.72662
4.540 0.61441 -0.50987
4.550 0.72058 -0.09630
4.560 0.54230 0.33813
4.570 0.16338 0.66223
4.580 -0.31000 0.77937
4.590 -0.77458 0.67839
4.600 -1.02946 0.32232
4.610 -0.99066 -0.20814
4.620 -0.67603 -0.61775
4.630 -0.07207 -0.82911
4.640 0.54554 -0.72764
4.650 0.91501 -0.41881
4.660 0.96393 -0.02198
4.670 0.67007 0.35044
4.680 0.10561 0.51795
4.690 -0.49770 0.46350
4.700 -0.89137 0.20802
4.710 -0.97964 -0.17254
4.720 -0.75014 -0.47196
4.730 -0.30665 -0.54761
4.740 0.21319 -0.42597
4.750 0.64569 -0.21165
4.760 0.81620 0.05572
4.770 0.71545 0.20040
4.780 0.40919 0.20968
4.790 0.03523 0.09102
4.800 -0.28293 -0.04398
4.810 -0.43158 -0.19093
4.820 -0.41965 -0.25648
4.830 -0.27526 -0.20222
4.840 0.00743 -0.08480
4.850 0.24365 0.07573
4.860 0.41135 0.18846
4.870 0.44894 0.22950
4.880 0.32195 0.19701
4.890 0.07328 0.09445
4.900 -0.14394 -0.01903
4.910 -0.30009 -0.16892
4.920 -0.34524 -0.28682
4.930 -0.25044 -0.32042
4.940 -0.05604 -0.26925
4.950 0.19039 -0.17055
4.960 0.43460 -0.04444
4.970 0.57637 0.08132
4.980 0.57220 0.15641
4.990 0.41467 0.20091
5.000 0.17170 0.20639
5.010 -0.09707 0.15733
5.020 -0.33363 0.08627
5.030 -0.46366 0.01485
5.040 -0.44701 -0.06850
5.050 -0.29827 -0.10919
5.060 -0.05940 -0.13326
5.070 0.18252 -0.13596
5.080 0.37380 -0.13994
5.090 0.44236 -0.11414
5.100 0.40697 -0.05994
5.110 0.33536 -0.03514
5.120 0.16541 0.06134
5.130 0.01252 0.13868
5.140 -0.07275 0.22292
5.150 -0.09714 0.26313
5.160 -0.06128 0.25574
5.170 0.01710 0.19633
5.180 0.07736 0.09115
5.190 0.10558 -0.00340
5.200 0.09703 -0.08248
5.210 0.05338 -0.14375
5.220 -0.00942 -0.20769
5.230 -0.03529 -0.21421
5.240 -0.07564 -0.22973
5.250 -0.04658 -0.20990
5.260 0.04804 -0.17065
5.270 0.19029 -0.09116
5.280 0.29041 0.00059
5.290 0.32994 0.14275
5.300 0.29050 0.32604
5.310 0.17890 0.48644
5.320 0.00572 0.63824
5.330 -0.19377 0.66216
5.340 -0.38652 0.54428
5.350 -0.53078 0.31090
5.360 -0.54186 0.03261
5.370 -0.42498 -0.31894
5.380 -0.21584 -0.58473
5.390 0.04919 -0.74356
5.400 0.33143 -0.66863
5.410 0.49751 -0.30147
5.420 0.51292 0.19291
5.430 0.42073 0.64389
5.440 0.22355 0.93406
5.450 0.02444 0.99636
5.460 -0.16812 0.90813
5.470 -0.26618 0.59874
5.480 -0.29112 0.22372
5.490 -0.27365 -0.15435
5.500 -0.20899 -0.48581
5.510 -0.10748 -0.69141
5.520 0.00640 -0.70180
5.530 0.13388 -0.55069
5.540 0.26251 -0.30824
5.550 0.35669 -0.02989
5.560 0.37958 0.23440
5.570 0.34462 0.42027
5.580 0.24464 0.48751
5.590 0.06554 0.43787
5.600 -0.12078 0.30185
5.610 -0.32843 0.11130
5.620 -0.48791 -0.04492
5.630 -0.54493 -0.14453
5.640 -0.46938 -0.15856
5.650 -0.30628 -0.14029
5.660 -0.08299 -0.08338
5.670 0.13226 -0.02532
5.680 0.28621 0.01443
5.690 0.35713 0.02972
5.700 0.31699 0.03460
5.710 0.19732 0.00438
5.720 0.04348 -0.00246
5.730 -0.07864 0.02135
5.740 -0.13711 0.06335
5.750 -0.13787 0.10123
5.760 -0.08751 0.15671
5.770 -0.00963 0.17744
5.780 0.05243 0.17125
5.790 0.04605 0.13407
5.800 -0.00777 0.04795
5.810 -0.11839 -0.05917
5.820 -0.23848 -0.16170
5.830 -0.33960 -0.22545
5.840 -0.34106 -0.26001
5.850 -0.26213 -0.25702
5.860 -0.09955 -0.21449
5.870 0.11325 -0.13492
5.880 0.31014 -0.02956
5.890 0.43941 0.09206
5.900 0.46826 0.20654
5.910 0.38336 0.30833
5.920 0.15310 0.37865
5.930 -0.11288 0.40787
5.940 -0.36517 0.36232
5.950 -0.54904 0.22055
5.960 -0.61155 0.03479
5.970 -0.54847 -0.17845
5.980 -0.36792 -0.38805
5.990 -0.09580 -0.52114
6.000 0.19908 -0.54589
