4.000 -0.00686 0.00679
4.010 -0.00105 -0.00028
4.020 -0.00752 -0.00752
4.030 -0.01661 -0.00222
4.040 -0.01361 0.00909
4.050 -0.00013 0.00822
4.060 0.00338 -0.00457
4.070 -0.00690 -0.01514
4.080 -0.02073 -0.01077
4.090 -0.02312 0.00302
4.100 -0.01283 0.01000
4.110 -0.00514 0.00099
4.120 -0.01279 -0.00931
4.130 -0.02791 -0.00621
4.140 -0.03174 0.00822
4.150 -0.02532 0.01692
4.160 -0.01746 0.01680
4.170 -0.01686 0.01425
4.180 -0.02035 0.01784
4.190 -0.01946 0.02638
4.200 -0.00972 0.03013
4.210 -0.00174 0.02478
4.220 -0.00410 0.01829
4.230 -0.00937 0.02161
4.240 -0.00480 0.03172
4.250 0.00673 0.03361
4.260 0.01582 0.02512
4.270 0.01445 0.01484
4.280 0.00699 0.01322
4.290 0.00578 0.02009
4.300 0.01416 0.02350
4.310 0.02502 0.01683
4.320 0.02316 0.00492
4.330 0.01314 0.00294
4.340 0.01136 0.00858
4.350 0.01589 0.01197
4.360 0.02090 0.00855
4.370 0.01998 0.00236
4.380 0.01515 -0.00074
4.390 0.01184 0.00312
4.400 0.01468 0.00712
4.410 0.01977 0.00447
4.420 0.01825 -0.00178
4.430 0.01254 -0.00056
4.440 0.01225 0.00450
4.450 0.01775 0.00764
4.460 0.02459 0.00464
4.470 0.02838 -0.00182
4.480 0.02502 -0.00773
4.490 0.02064 -0.00863
4.500 0.01916 -0.00688
4.510 0.02206 -0.00701
4.520 0.02340 -0.01286
4.530 0.02053 -0.01653
4.540 0.01611 -0.02042
4.550 0.01132 -0.02047
4.560 0.00878 -0.01747
4.570 0.01080 -0.01710
4.580 0.01187 -0.02119
4.590 0.00894 -0.02736
4.600 0.00149 -0.02939
4.610 -0.00359 -0.02648
4.620 -0.00701 -0.02292
4.630 -0.00557 -0.02072
4.640 -0.00560 -0.02242
4.650 -0.01082 -0.02314
4.660 -0.01642 -0.01782
4.670 -0.01532 -0.01118
4.680 -0.00913 -0.00980
4.690 -0.00744 -0.01560
4.700 -0.01424 -0.01899
4.710 -0.02171 -0.01521
4.720 -0.02307 -0.00650
4.730 -0.01715 -0.00115
4.740 -0.01275 -0.00429
4.750 -0.01788 -0.00798
4.760 -0.02402 -0.00317
4.770 -0.02133 0.00741
4.780 -0.00983 0.01041
4.790 -0.00229 0.00212
4.800 -0.00747 -0.00595
4.810 -0.01575 -0.00433
4.820 -0.01685 0.00493
4.830 -0.00815 0.00967
4.840 -0.00283 0.00163
4.850 -0.00830 -0.00567
4.860 -0.01817 -0.00125
4.870 -0.01764 0.01064
4.880 -0.00705 0.01435
4.890 -0.00086 0.00514
4.900 -0.00619 -0.00191
4.910 -0.01576 -0.00044
4.920 -0.01882 0.00909
4.930 -0.01201 0.01514
4.940 -0.00625 0.01186
4.950 -0.00980 0.00792
4.960 -0.01672 0.01380
4.970 -0.01341 0.02615
4.980 0.00072 0.03019
4.990 0.01122 0.02092
5.000 0.00924 0.01053
5.010 0.00137 0.00957
5.020 0.00072 0.01816
5.030 0.01114 0.02203
5.040 0.01886 0.01438
5.050 0.01623 0.00356
5.060 0.00714 0.00285
5.070 0.00548 0.01077
5.080 0.01567 0.01434
5.090 0.02353 0.00507
5.100 0.02067 -0.00679
5.110 0.01139 -0.01402
5.120 0.00435 -0.00835
5.130 0.00605 -0.00419
5.140 0.00818 -0.00893
5.150 0.00187 -0.01414
5.160 -0.00771 -0.01040
5.170 -0.00949 0.00055
5.180 -0.00142 0.00552
5.190 0.00470 0.00139
5.200 0.00290 -0.00501
5.210 -0.00404 -0.00541
5.220 -0.00878 0.00105
5.230 -0.00560 0.00689
5.240 0.00109 0.00956
5.250 0.00498 0.00655
5.260 0.00468 0.00454
5.270 0.00437 0.00598
5.280 0.00746 0.00658
5.290 0.01043 0.00524
5.300 0.01309 0.00275
5.310 0.01507 -0.00150
5.320 0.01594 -0.00730
5.330 0.01262 -0.01282
5.340 0.00684 -0.01472
5.350 0.00236 -0.01351
5.360 -0.00058 -0.01104
5.370 -0.00084 -0.00993
5.380 -0.00246 -0.01043
5.390 -0.00651 -0.00987
5.400 -0.00893 -0.00597
5.410 -0.00748 -0.00246
5.420 -0.00688 -0.00295
5.430 -0.01067 -0.00237
5.440 -0.01408 0.00351
5.450 -0.01122 0.01166
5.460 -0.00348 0.01591
5.470 0.00373 0.01229
5.480 0.00390 0.00668
5.490 0.00077 0.00712
5.500 0.00227 0.01275
5.510 0.01027 0.01531
5.520 0.01746 0.00909
5.530 0.01676 0.00050
5.540 0.01247 -0.00198
5.550 0.01178 -0.00054
5.560 0.01543 -0.00112
5.570 0.01849 -0.00771
5.580 0.01422 -0.01540
5.590 0.00690 -0.01628
5.600 0.00374 -0.01291
5.610 0.00716 -0.01303
5.620 0.00604 -0.02113
5.630 -0.00487 -0.02520
5.640 -0.01615 -0.01680
5.650 -0.01568 -0.00433
5.660 -0.00581 0.00008
5.670 -0.00043 -0.00683
5.680 -0.00676 -0.01310
5.690 -0.01662 -0.00880
5.700 -0.01682 0.00176
5.710 -0.00737 0.00776
5.720 -0.00014 0.00239
5.730 -0.00312 -0.00320
5.740 -0.00848 0.00004
5.750 -0.00650 0.00720
5.760 0.00328 0.00978
5.770 0.01020 0.00153
5.780 0.00681 -0.00799
5.790 0.00039 -0.00834
5.800 -0.00027 -0.00284
5.810 0.00709 -0.00319
5.820 0.01023 -0.01343
5.830 -0.00004 -0.02401
5.840 -0.01345 -0.02113
5.850 -0.01885 -0.01025
5.860 -0.01335 -0.00289
5.870 -0.00751 -0.00656
5.880 -0.01168 -0.01316
5.890 -0.02152 -0.01246
5.900 -0.02786 -0.00303
5.910 -0.02560 0.00664
5.920 -0.02023 0.00800
5.930 -0.02074 0.00751
5.940 -0.02308 0.01207
5.950 -0.02173 0.01916
5.960 -0.01474 0.02493
5.970 -0.00712 0.02570
5.980 -0.00270 0.02341
5.990 -0.00134 0.02232
6.000 0.00068 0.02347
