4.000 1.79083 -2.85015
4.010 2.56102 -2.62684
4.020 3.27881 -2.18770
4.030 3.98831 -1.40996
4.040 4.53625 -0.37860
4.050 4.82590 0.96612
4.060 4.48209 2.44336
4.070 3.58974 3.56365
4.080 2.25563 4.32313
4.090 0.84245 4.64988
4.100 -0.48333 4.37597
4.110 -1.52206 3.73624
4.120 -2.07418 3.03289
4.130 -2.39439 2.29992
4.140 -2.64399 1.61727
4.150 -2.69586 0.94390
4.160 -2.62636 0.41213
4.170 -2.49635 -0.05874
4.180 -2.30802 -0.49076
4.190 -2.10198 -0.85653
4.200 -1.87884 -1.20976
4.210 -1.59340 -1.46344
4.220 -1.28356 -1.69188
4.230 -0.95511 -1.90394
4.240 -0.63513 -2.05940
4.250 -0.29981 -2.16714
4.260 0.02689 -2.19077
4.270 0.33303 -2.21544
4.280 0.64694 -2.17916
4.290 1.02683 -2.11037
4.300 1.40644 -1.96146
4.310 1.81841 -1.91216
4.320 2.19900 -1.66776
4.330 2.60935 -1.33425
4.340 3.01436 -0.93298
4.350 3.33958 -0.33982
4.360 3.59793 0.42174
4.370 3.70743 1.43155
4.380 3.50480 2.55039
4.390 2.95849 3.79421
4.400 1.85579 4.94575
4.410 0.32289 5.54381
4.420 -1.37130 5.42915
4.430 -3.05707 4.66522
4.440 -4.15418 3.39913
4.450 -4.72377 1.91306
4.460 -4.68351 0.45523
4.470 -4.29372 -0.67164
4.480 -3.66050 -1.48630
4.490 -2.97369 -2.07934
4.500 -2.29832 -2.48828
4.510 -1.61249 -2.72139
4.520 -1.01251 -2.82507
4.530 -0.49528 -2.82688
4.540 -0.05095 -2.82750
4.550 0.30190 -2.74454
4.560 0.56206 -2.60068
4.570 0.91559 -2.40044
4.580 1.29863 -2.15818
4.590 1.64035 -1.92963
4.600 1.92020 -1.64354
4.610 2.18169 -1.30821
4.620 2.37185 -0.93004
4.630 2.49255 -0.46146
4.640 2.58491 -0.02998
4.650 2.61614 0.45034
4.660 2.54183 0.96732
4.670 2.41957 1.48149
4.680 2.18861 2.00451
4.690 1.84945 2.51300
4.700 1.44953 2.90052
4.710 0.86995 3.37172
4.720 0.12028 3.62965
4.730 -0.75579 3.73982
4.740 -1.73483 3.64785
4.750 -2.75211 3.27889
4.760 -3.73987 2.49682
4.770 -4.44319 1.42835
4.780 -4.75046 0.22745
4.790 -4.65734 -1.01014
4.800 -4.18597 -2.08977
4.810 -3.61745 -2.89566
4.820 -2.81583 -3.46441
4.830 -1.99891 -3.81369
4.840 -1.20537 -3.88093
4.850 -0.42750 -3.87350
4.860 0.33741 -3.75772
4.870 0.97314 -3.45292
4.880 1.58170 -3.05940
4.890 2.08709 -2.56162
4.900 2.51694 -1.98425
4.910 2.83447 -1.37316
4.920 3.03592 -0.78214
4.930 3.11014 -0.17617
4.940 3.04373 0.46165
4.950 2.84003 1.04241
4.960 2.62681 1.62267
4.970 2.28877 2.15400
4.980 1.80687 2.58163
4.990 1.27907 2.94238
5.000 0.72466 3.28643
5.010 0.10058 3.39370
5.020 -0.50947 3.40011
5.030 -1.14609 3.29356
5.040 -1.85983 2.98064
5.050 -2.53551 2.53388
5.060 -3.08097 1.95533
5.070 -3.44082 1.23592
5.080 -3.71955 0.42835
5.090 -3.76191 -0.38991
5.100 -3.57346 -1.16481
5.110 -3.85138 -1.85975
5.120 -3.36879 -2.54242
5.130 -2.81418 -3.11689
5.140 -2.19155 -3.59753
5.150 -1.43923 -3.90152
5.160 -0.66848 -4.14313
5.170 0.23722 -4.18438
5.180 1.10904 -3.99710
5.190 1.98554 -3.76546
5.200 2.73029 -3.30638
5.210 3.38033 -2.72544
5.220 3.93357 -2.02397
5.230 4.40850 -1.14819
5.240 4.65625 -0.16199
5.250 4.69999 0.88666
5.260 4.56295 1.99339
5.270 3.62493 2.88992
5.280 2.89456 3.78233
5.290 2.09221 4.43851
5.300 1.18121 4.84664
5.310 0.01050 5.12597
5.320 -1.28345 4.90762
5.330 -2.52270 4.44107
5.340 -3.47623 3.68857
5.350 -4.15109 2.74484
5.360 -4.58243 1.63318
5.370 -4.64322 0.56532
5.380 -4.43999 -0.36934
5.390 -4.07871 -1.19596
5.400 -3.62969 -1.77922
5.410 -3.10779 -2.40183
5.420 -2.45418 -2.93523
5.430 -1.83766 -3.22721
5.440 -1.19149 -3.42699
5.450 -0.62127 -3.53284
5.460 0.06199 -3.57133
5.470 0.65890 -3.47431
5.480 1.23415 -3.29676
5.490 1.65505 -3.10185
5.500 2.13441 -2.80838
5.510 2.62039 -2.43375
5.520 3.11832 -1.98052
5.530 3.51942 -1.45926
5.540 3.87150 -0.81134
5.550 4.13649 -0.12945
5.560 4.33385 0.59986
5.570 4.55092 1.40397
5.580 4.69278 2.35825
5.590 4.75618 3.63238
5.600 4.19037 5.09301
5.610 3.03912 6.66027
5.620 1.48366 7.89593
5.630 -1.02682 8.81703
5.640 -3.87187 8.81122
5.650 -6.91141 7.44427
5.660 -9.13886 4.24940
5.670 -9.61848 0.84765
5.680 -8.60726 -1.89804
5.690 -6.85689 -4.11128
5.700 -4.77369 -5.15693
5.710 -2.96644 -5.46763
5.720 -1.54860 -5.36887
5.730 -0.33459 -5.13500
5.740 0.60996 -4.80899
5.750 1.40824 -4.30699
5.760 1.95231 -3.78220
5.770 2.35584 -3.31303
5.780 2.65334 -2.84279
5.790 2.96731 -2.33688
5.800 3.22957 -1.84963
5.810 3.48758 -1.31489
5.820 3.62678 -0.79490
5.830 3.72445 -0.23575
5.840 3.74978 0.29479
5.850 3.75386 0.83183
5.860 3.76368 1.35670
5.870 3.68521 1.91941
5.880 3.53873 2.48515
5.890 3.31614 3.23466
5.900 2.92218 3.90604
5.910 2.62465 4.79816
5.920 1.90717 5.53464
5.930 0.98120 6.49333
5.940 -0.19324 7.33267
5.950 -1.91491 7.92080
5.960 -4.09891 8.37067
5.970 -6.93844 8.39505
5.980 -10.78242 7.20528
5.990 -14.82692 2.52747
6.000 -15.42860 -5.14535
