4.000 0.00005 0.00003
4.010 -0.00008 0.00012
4.020 0.00005 0.00016
4.030 -0.00001 -0.00003
4.040 0.00004 0.00005
4.050 -0.00008 0.00018
4.060 -0.00002 0.00009
4.070 0.00004 -0.00011
4.080 0.00016 0.00003
4.090 0.00004 -0.00010
4.100 0.00027 0.00006
4.110 0.00002 0.00014
4.120 -0.00006 -0.00008
4.130 0.00012 -0.00022
4.140 0.00008 -0.00027
4.150 0.00031 -0.00037
4.160 -0.00011 -0.00028
4.170 0.00005 -0.00036
4.180 0.00033 -0.00018
4.190 -0.00009 -0.00020
4.200 -0.00020 -0.00019
4.210 -0.00010 -0.00019
4.220 -0.00004 -0.00016
4.230 -0.00008 -0.00021
4.240 -0.00003 -0.00019
4.250 0.00027 0.00026
4.260 -0.00000 0.00040
4.270 0.00023 0.00019
4.280 -0.00001 0.00016
4.290 -0.00011 -0.00001
4.300 0.00008 0.00009
4.310 -0.00013 -0.00001
4.320 -0.00002 0.00016
4.330 0.00012 0.00024
4.340 0.00008 -0.00009
4.350 0.00002 -0.00024
4.360 -0.00034 -0.00020
4.370 0.00004 0.00013
4.380 0.00008 -0.00014
4.390 0.00003 0.00005
4.400 0.00012 -0.00005
4.410 -0.00016 0.00012
4.420 -0.00012 0.00003
4.430 0.00012 0.00039
4.440 -0.00004 0.00007
4.450 0.00022 -0.00006
4.460 0.00024 -0.00009
4.470 0.00010 0.00003
4.480 0.00003 -0.00018
4.490 -0.00007 -0.00005
4.500 0.00010 -0.00008
4.510 -0.00017 -0.00008
4.520 -0.00026 -0.00019
4.530 -0.00001 0.00009
4.540 -0.00016 -0.00017
4.550 -0.00012 -0.00001
4.560 -0.00011 -0.00013
4.570 0.00014 0.00015
4.580 -0.00015 -0.00005
4.590 -0.00020 0.00007
4.600 0.00024 0.00006
4.610 0.00004 0.00018
4.620 0.00001 0.00002
4.630 -0.00003 -0.00003
4.640 -0.00027 -0.00017
4.650 -0.00010 -0.00020
4.660 0.00006 0.00000
4.670 -0.00004 0.00035
4.680 -0.00013 0.00002
4.690 -0.00009 0.00006
4.700 0.00013 0.00013
4.710 0.00022 -0.00030
4.720 0.00005 -0.00020
4.730 -0.00012 -0.00031
4.740 -0.00001 -0.00034
4.750 0.00005 -0.00042
4.760 -0.00014 -0.00011
4.770 -0.00017 -0.00002
4.780 -0.00003 0.00019
4.790 -0.00019 0.00019
4.800 0.00003 0.00013
4.810 -0.00011 0.00024
4.820 -0.00028 0.00028
4.830 -0.00029 0.00023
4.840 -0.00003 0.00003
4.850 0.00007 -0.00030
4.860 0.00018 0.00007
4.870 0.00015 0.00000
4.880 0.00019 0.00005
4.890 0.00006 -0.00000
4.900 -0.00001 -0.00003
4.910 -0.00007 -0.00006
4.920 0.00002 0.00005
4.930 -0.00003 0.00010
4.940 0.00004 0.00002
4.950 0.00011 0.00025
4.960 -0.00001 0.00032
4.970 0.00018 0.00002
4.980 -0.00002 0.00004
4.990 0.00016 -0.00009
5.000 0.00002 -0.00016
5.010 0.00012 -0.00012
5.020 -0.00004 -0.00025
5.030 -0.00018 -0.00010
5.040 0.00012 -0.00010
5.050 -0.00007 -0.00015
5.060 -0.00007 -0.00020
5.070 0.00007 -0.00028
5.080 -0.00010 -0.00036
5.090 0.00014 -0.00009
5.100 0.00015 -0.00017
5.110 0.00015 -0.00020
5.120 0.00001 -0.00013
5.130 0.00007 -0.00013
5.140 -0.00007 0.00005
5.150 -0.00011 0.00001
5.160 -0.00012 0.00016
5.170 -0.00012 0.00030
5.180 0.00007 0.00031
5.190 -0.00005 0.00020
5.200 -0.00008 0.00037
5.210 -0.00005 0.00012
5.220 0.00010 0.00014
5.230 -0.00004 0.00024
5.240 0.00005 0.00009
5.250 0.00015 0.00002
5.260 0.00015 0.00004
5.270 0.00009 0.00006
5.280 0.00008 -0.00011
5.290 -0.00012 -0.00013
5.300 0.00018 -0.00003
5.310 0.00017 -0.00007
5.320 0.00014 -0.00013
5.330 0.00017 0.00004
5.340 -0.00004 -0.00012
5.350 -0.00003 -0.00006
5.360 -0.00006 -0.00003
5.370 -0.00007 0.00016
5.380 -0.00010 0.00013
5.390 -0.00002 0.00014
5.400 -0.00014 -0.00004
5.410 0.00011 0.00008
5.420 0.00004 -0.00019
5.430 -0.00011 0.00011
5.440 -0.00013 0.00004
5.450 0.00001 0.00003
5.460 0.00015 -0.00002
5.470 0.00008 -0.00018
5.480 0.00005 -0.00027
5.490 0.00007 -0.00024
5.500 0.00009 -0.00015
5.510 0.00007 -0.00001
5.520 -0.00007 -0.00018
5.530 -0.00007 -0.00015
5.540 0.00005 -0.00015
5.550 -0.00012 0.00011
5.560 -0.00014 -0.00005
5.570 -0.00020 0.00021
5.580 -0.00029 0.00031
5.590 -0.00005 0.00036
5.600 -0.00014 0.00012
5.610 -0.00008 0.00008
5.620 -0.00007 0.00008
5.630 -0.00006 0.00009
5.640 -0.00007 0.00015
5.650 0.00015 0.00001
5.660 -0.00012 -0.00000
5.670 0.00011 -0.00014
5.680 -0.00009 -0.00015
5.690 0.00001 -0.00025
5.700 -0.00008 -0.00015
5.710 -0.00005 -0.00006
5.720 0.00008 0.00005
5.730 -0.00008 0.00007
5.740 -0.00000 0.00005
5.750 0.00016 0.00018
5.760 -0.00010 0.00028
5.770 -0.00006 0.00010
5.780 -0.00003 0.00014
5.790 -0.00014 0.00018
5.800 -0.00020 -0.00007
5.810 0.00001 0.00005
5.820 0.00003 0.00010
5.830 0.00001 0.00004
5.840 -0.00001 -0.00002
5.850 0.00006 0.00008
5.860 -0.00003 0.00002
5.870 -0.00003 -0.00003
5.880 0.00013 -0.00010
5.890 0.00002 -0.00015
5.900 0.00019 0.00003
5.910 -0.00000 -0.00011
5.920 -0.00006 -0.00020
5.930 0.00004 -0.00025
5.940 0.00016 -0.00010
5.950 -0.00001 -0.00019
5.960 -0.00002 -0.00001
5.970 -0.00006 -0.00021
5.980 -0.00006 -0.00004
5.990 -0.00006 0.00000
6.000 0.00009 0.00024
