4.000 -0.26856 -0.03371
4.010 -0.24740 0.10430
4.020 -0.16224 0.21322
4.030 -0.03393 0.26450
4.040 0.10511 0.24164
4.050 0.21519 0.15154
4.060 0.26079 0.01896
4.070 0.23356 -0.11342
4.080 0.14617 -0.21274
4.090 0.01441 -0.26099
4.100 -0.13042 -0.23298
4.110 -0.23420 -0.12665
4.120 -0.26397 0.01688
4.130 -0.21722 0.15224
4.140 -0.10686 0.23977
4.150 0.02948 0.26047
4.160 0.15804 0.20246
4.170 0.23914 0.09177
4.180 0.24876 -0.04303
4.190 0.18974 -0.16241
4.200 0.08029 -0.23327
4.210 -0.04528 -0.23425
4.220 -0.15367 -0.17832
4.230 -0.22171 -0.07608
4.240 -0.22736 0.04790
4.250 -0.16883 0.15724
4.260 -0.06155 0.22069
4.270 0.06360 0.21577
4.280 0.16570 0.15033
4.290 0.21562 0.04718
4.300 0.20648 -0.06327
4.310 0.14832 -0.16032
4.320 0.04992 -0.21032
4.330 -0.06764 -0.20532
4.340 -0.16064 -0.14255
4.350 -0.21215 -0.04313
4.360 -0.20457 0.06916
4.370 -0.14472 0.16278
4.380 -0.04268 0.21493
4.390 0.07407 0.20856
4.400 0.17513 0.13918
4.410 0.22558 0.02351
4.420 0.20033 -0.10186
4.430 0.11620 -0.19071
4.440 0.00330 -0.22156
4.450 -0.11260 -0.19078
4.460 -0.19389 -0.10921
4.470 -0.22161 0.00525
4.480 -0.18691 0.11552
4.490 -0.10496 0.18954
4.500 0.00599 0.21540
4.510 0.11485 0.17931
4.520 0.18901 0.09488
4.530 0.20936 -0.01411
4.540 0.16962 -0.12322
4.550 0.07601 -0.19667
4.560 -0.04579 -0.19999
4.570 -0.13995 -0.14623
4.580 -0.19194 -0.05551
4.590 -0.19049 0.04533
4.600 -0.14205 0.13360
4.610 -0.05362 0.18599
4.620 0.04926 0.18920
4.630 0.13234 0.13587
4.640 0.18265 0.04913
4.650 0.18172 -0.05175
4.660 0.12968 -0.13642
4.670 0.04242 -0.18638
4.680 -0.05712 -0.18019
4.690 -0.14240 -0.12686
4.700 -0.19068 -0.03168
4.710 -0.17926 0.07379
4.720 -0.11386 0.15660
4.730 -0.01623 0.19042
4.740 0.08631 0.17192
4.750 0.16099 0.10383
4.760 0.19056 0.00960
4.770 0.16926 -0.08716
4.780 0.10086 -0.16011
4.790 0.00833 -0.18679
4.800 -0.08858 -0.16540
4.810 -0.16153 -0.09811
4.820 -0.18733 0.00115
4.830 -0.15779 0.09968
4.840 -0.08078 0.16852
4.850 0.01925 0.18516
4.860 0.10610 0.14762
4.870 0.16448 0.07074
4.880 0.17639 -0.02018
4.890 0.14213 -0.10434
4.900 0.07098 -0.15893
4.910 -0.01791 -0.17421
4.920 -0.10680 -0.13805
4.930 -0.16388 -0.06291
4.940 -0.17293 0.02807
4.950 -0.13332 0.10101
4.960 -0.06538 0.15265
4.970 0.01966 0.16455
4.980 0.09731 0.13125
4.990 0.15160 0.06113
5.000 0.16201 -0.02719
5.010 0.12298 -0.10907
5.020 0.04729 -0.15601
5.030 -0.03934 -0.15770
5.040 -0.11061 -0.11389
5.050 -0.15273 -0.04337
5.060 -0.15363 0.03830
5.070 -0.11399 0.10912
5.080 -0.04162 0.15139
5.090 0.04028 0.14964
5.100 0.11122 0.10787
5.110 0.19300 0.01403
5.120 0.16906 -0.08449
5.130 0.09857 -0.15637
5.140 0.00605 -0.18046
5.150 -0.08439 -0.15636
5.160 -0.15021 -0.09163
5.170 -0.17396 -0.00507
5.180 -0.15132 0.08152
5.190 -0.09147 0.14694
5.200 -0.00313 0.17398
5.210 0.09087 0.14832
5.220 0.15622 0.08049
5.230 0.17661 -0.01108
5.240 0.14641 -0.09768
5.250 0.07794 -0.15641
5.260 -0.00960 -0.17233
5.270 -0.07119 -0.13135
5.280 -0.12984 -0.07672
5.290 -0.15020 0.00043
5.300 -0.12662 0.07933
5.310 -0.06760 0.13411
5.320 0.01000 0.14909
5.330 0.08351 0.12537
5.340 0.13410 0.06631
5.350 0.14815 -0.00959
5.360 0.12344 -0.08231
5.370 0.06335 -0.13317
5.380 -0.01416 -0.14695
5.390 -0.08848 -0.12009
5.400 -0.13734 -0.05455
5.410 -0.14646 0.02135
5.420 -0.11567 0.09162
5.430 -0.05415 0.13925
5.440 0.02348 0.14719
5.450 0.09571 0.11580
5.460 0.14253 0.05205
5.470 0.14946 -0.02904
5.480 0.11223 -0.10326
5.490 0.03906 -0.14577
5.500 -0.04451 -0.14178
5.510 -0.10980 -0.10069
5.520 -0.14493 -0.03239
5.530 -0.14018 0.04532
5.540 -0.09840 0.10975
5.550 -0.02690 0.14391
5.560 0.05022 0.13789
5.570 0.11280 0.09276
5.580 0.14354 0.02040
5.590 0.13761 -0.06676
5.600 0.08375 -0.12792
5.610 0.00699 -0.15127
5.620 -0.07113 -0.13309
5.630 -0.12634 -0.07646
5.640 -0.14740 -0.00184
5.650 -0.12629 0.07357
5.660 -0.07101 0.12712
5.670 0.00319 0.14596
5.680 0.07727 0.12246
5.690 0.12827 0.06517
5.700 0.14250 -0.00665
5.710 0.11980 -0.07750
5.720 0.06393 -0.12745
5.730 -0.00763 -0.14127
5.740 -0.07983 -0.11741
5.750 -0.12871 -0.06194
5.760 -0.14358 0.01375
5.770 -0.11620 0.08755
5.780 -0.05068 0.13518
5.790 0.02570 0.14423
5.800 0.09515 0.11035
5.810 0.13764 0.04665
5.820 0.14106 -0.03079
5.830 0.10392 -0.09834
5.840 0.04086 -0.13806
5.850 -0.03630 -0.14050
5.860 -0.10581 -0.10136
5.870 -0.14334 -0.03148
5.880 -0.13909 0.04710
5.890 -0.09644 0.11106
5.900 -0.02830 0.14398
5.910 0.05140 0.13789
5.920 0.11440 0.09404
5.930 0.14488 0.02111
5.940 0.13266 -0.05783
5.950 0.08250 -0.11807
5.960 0.01129 -0.14315
5.970 -0.06285 -0.12952
5.980 -0.12101 -0.07525
5.990 -0.14247 -0.00307
6.000 -0.12549 0.06940
