4.000 -0.53707 -0.39589
4.010 -0.02767 -0.13913
4.020 0.36056 0.35021
4.030 0.35200 0.81503
4.040 -0.12879 0.82670
4.050 -0.67765 0.06421
4.060 -0.63752 -1.20889
4.070 0.17943 -2.10482
4.080 1.14341 -2.06350
4.090 1.56780 -1.15483
4.100 0.88694 0.02661
4.110 -0.42124 0.69533
4.120 -1.56399 0.64534
4.130 -2.05419 0.00454
4.140 -1.69103 -0.77808
4.150 -0.73079 -1.27046
4.160 0.30139 -1.21837
4.170 1.04421 -0.74117
4.180 1.24695 -0.09173
4.190 0.87924 0.42145
4.200 0.16524 0.58010
4.210 -0.61359 0.33677
4.220 -1.10612 -0.13574
4.230 -1.16175 -0.58092
4.240 -0.82141 -0.82256
4.250 -0.26964 -0.75786
4.260 0.27391 -0.37025
4.270 0.57803 0.15999
4.280 0.56377 0.61524
4.290 0.24216 0.84659
4.300 -0.19789 0.68183
4.310 -0.55764 0.23329
4.320 -0.69962 -0.32547
4.330 -0.60039 -0.71385
4.340 -0.29280 -0.79857
4.350 0.05081 -0.49176
4.360 0.17119 0.04405
4.370 -0.01838 0.53308
4.380 -0.38165 0.74676
4.390 -0.61185 0.60956
4.400 -0.47439 0.21002
4.410 -0.00491 -0.00778
4.420 0.44258 0.11240
4.430 0.37321 0.50322
4.440 -0.19658 0.68701
4.450 -0.78096 0.44734
4.460 -0.98551 -0.01082
4.470 -0.78117 -0.31413
4.480 -0.38847 -0.38450
4.490 -0.02553 -0.17335
4.500 0.12396 0.20528
4.510 0.02638 0.56010
4.520 -0.22837 0.65428
4.530 -0.53055 0.42309
4.540 -0.68234 0.04340
4.550 -0.63495 -0.35022
4.560 -0.42250 -0.58488
4.570 -0.02700 -0.62304
4.580 0.36978 -0.40895
4.590 0.59234 -0.04242
4.600 0.56202 0.35938
4.610 0.33326 0.64184
4.620 0.02170 0.66530
4.630 -0.25531 0.40654
4.640 -0.37139 0.03070
4.650 -0.30406 -0.33631
4.660 -0.08383 -0.52394
4.670 0.20045 -0.41955
4.680 0.43499 -0.05511
4.690 0.46023 0.42283
4.700 0.27631 0.84815
4.710 -0.10045 1.08384
4.720 -0.46502 0.98105
4.730 -0.64696 0.53129
4.740 -0.53095 -0.05250
4.750 -0.17951 -0.50089
4.760 0.19046 -0.73962
4.770 0.34942 -0.67836
4.780 0.32103 -0.44184
4.790 0.12403 -0.17367
4.800 -0.09501 0.03341
4.810 -0.31699 0.18170
4.820 -0.40203 0.25176
4.830 -0.32849 0.30464
4.840 -0.18333 0.32344
4.850 0.04386 0.24537
4.860 0.30146 0.10429
4.870 0.48533 -0.04524
4.880 0.56405 -0.11287
4.890 0.49501 -0.06604
4.900 0.32524 0.00369
4.910 0.04745 0.09415
4.920 -0.25513 0.18504
4.930 -0.53267 0.25244
4.940 -0.70638 0.25247
4.950 -0.74111 0.21952
4.960 -0.63827 0.10663
4.970 -0.39145 -0.08355
4.980 -0.05882 -0.24673
4.990 0.25548 -0.32075
5.000 0.50927 -0.31257
5.010 0.56805 -0.20019
5.020 0.40462 -0.05485
5.030 0.13690 0.06459
5.040 -0.21969 0.09792
5.050 -0.50022 0.02649
5.060 -0.55760 -0.09790
5.070 -0.36039 -0.18572
5.080 0.03967 -0.20409
5.090 0.46984 -0.02239
5.100 0.73759 0.25679
5.110 1.05367 0.45908
5.120 0.81334 0.74042
5.130 0.32074 0.82566
5.140 -0.21940 0.57875
5.150 -0.66959 0.14428
5.160 -0.81877 -0.34886
5.170 -0.65080 -0.62038
5.180 -0.24292 -0.64914
5.190 0.16833 -0.42916
5.200 0.43110 -0.04504
5.210 0.49992 0.31039
5.220 0.31200 0.48510
5.230 0.10059 0.45122
5.240 -0.05998 0.21085
5.250 -0.05686 -0.12338
5.260 0.07102 -0.36112
5.270 0.23176 -0.29893
5.280 0.31765 -0.15187
5.290 0.31112 0.03866
5.300 0.22660 0.15852
5.310 0.23094 0.19301
5.320 0.27196 0.22707
5.330 0.35146 0.29265
5.340 0.39159 0.41676
5.350 0.30607 0.50587
5.360 0.11570 0.51883
5.370 -0.14857 0.33586
5.380 -0.30742 0.02954
5.390 -0.27545 -0.26879
5.400 -0.05316 -0.45099
5.410 0.26952 -0.44962
5.420 0.57986 -0.26354
5.430 0.68887 0.03552
5.440 0.55437 0.32110
5.450 0.25811 0.47789
5.460 -0.08880 0.36575
5.470 -0.33773 0.07911
5.480 -0.41235 -0.28682
5.490 -0.27326 -0.51258
5.500 -0.02634 -0.55503
5.510 0.29201 -0.37216
5.520 0.52984 -0.01384
5.530 0.56077 0.37497
5.540 0.35739 0.61877
5.550 0.05050 0.60659
5.560 -0.20578 0.29896
5.570 -0.31719 -0.19614
5.580 -0.27959 -0.70870
5.590 -0.07579 -1.13404
5.600 0.22435 -1.14934
5.610 0.33301 -0.72436
5.620 0.11976 -0.21287
5.630 -0.31847 0.09123
5.640 -0.58739 -0.09365
5.650 -0.40511 -0.46222
5.660 0.28947 -0.50479
5.670 0.85564 -0.04671
5.680 0.92416 0.45305
5.690 0.51752 0.70506
5.700 0.07868 0.36694
5.710 -0.14401 -0.20210
5.720 -0.08788 -0.66313
5.730 0.08326 -0.77654
5.740 0.22749 -0.60655
5.750 0.22563 -0.22227
5.760 0.02061 0.15927
5.770 -0.27475 0.42062
5.780 -0.54044 0.43241
5.790 -0.66352 0.22142
5.800 -0.53944 -0.11180
5.810 -0.24746 -0.44490
5.820 0.08853 -0.62746
5.830 0.36668 -0.60439
5.840 0.46030 -0.37718
5.850 0.33040 -0.08850
5.860 0.01071 0.16081
5.870 -0.39360 0.23885
5.880 -0.70698 0.12442
5.890 -0.77232 -0.06460
5.900 -0.54783 -0.29384
5.910 -0.11533 -0.42545
5.920 0.44356 -0.37593
5.930 0.80440 -0.01577
5.940 0.81960 0.47402
5.950 0.38548 0.89033
5.960 -0.36922 0.98017
5.970 -1.08326 0.64850
5.980 -1.56287 -0.05283
5.990 -1.29251 -0.81427
6.000 -0.55913 -0.78405
