4.000 4.90662 -3.37652
4.010 5.31707 -2.72127
4.020 5.61060 -2.01736
4.030 5.78262 -1.25807
4.040 5.91040 -0.48267
4.050 5.85062 0.30087
4.060 5.79603 1.06977
4.070 5.65874 1.88828
4.080 5.37679 2.67360
4.090 5.03221 3.28597
4.100 4.71096 3.75351
4.110 4.29760 4.22473
4.120 3.78573 4.69329
4.130 3.33367 5.12014
4.140 2.70264 5.45485
4.150 2.05577 5.65599
4.160 1.42876 5.72752
4.170 0.69281 5.88579
4.180 0.01300 5.87026
4.190 -0.54150 5.84964
4.200 -1.27202 5.71677
4.210 -1.89480 5.36576
4.220 -2.53236 5.06170
4.230 -3.11014 4.72282
4.240 -3.60505 4.26107
4.250 -4.12947 3.80021
4.260 -4.53458 3.32178
4.270 -4.77960 2.78489
4.280 -5.07189 2.29544
4.290 -5.25730 1.69628
4.300 -5.30794 1.05938
4.310 -5.47950 0.48359
4.320 -5.48592 -0.11439
4.330 -5.40634 -0.65214
4.340 -5.29648 -1.31163
4.350 -5.10756 -1.93406
4.360 -4.79423 -2.51181
4.370 -4.52652 -3.03915
4.380 -4.18780 -3.57452
4.390 -3.73435 -4.07845
4.400 -3.28805 -4.46332
4.410 -2.77223 -4.85797
4.420 -2.05195 -5.21673
4.430 -1.45165 -5.46399
4.440 -0.77075 -5.67764
4.450 -0.10291 -5.79010
4.460 0.65507 -5.82701
4.470 1.44076 -5.81403
4.480 2.10862 -5.61067
4.490 2.94944 -5.28581
4.500 3.67917 -4.90575
4.510 4.31025 -4.50130
4.520 4.89435 -3.94144
4.530 5.42023 -3.26771
4.540 5.88251 -2.61357
4.550 6.31672 -1.74404
4.560 6.64533 -0.89092
4.570 6.82689 0.01468
4.580 6.82301 1.02910
4.590 6.68702 2.08431
4.600 6.39941 3.18660
4.610 5.95689 4.27679
4.620 5.29756 5.26650
4.630 4.13119 6.08859
4.640 3.03570 6.79546
4.650 1.98174 7.17512
4.660 0.66589 7.46135
4.670 -0.57114 7.60102
4.680 -1.78681 7.24366
4.690 -3.08070 6.84123
4.700 -4.07639 6.24118
4.710 -4.92443 5.35552
4.720 -5.67716 4.36072
4.730 -6.15003 3.29918
4.740 -6.45584 2.18029
4.750 -6.55689 1.08375
4.760 -6.44238 0.08226
4.770 -6.20948 -0.82327
4.780 -5.84165 -1.67185
4.790 -5.32676 -2.40125
4.800 -4.76363 -2.99360
4.810 -4.19804 -3.49125
4.820 -3.55224 -3.86116
4.830 -2.97129 -4.07301
4.840 -2.40143 -4.24388
4.850 -1.84673 -4.34870
4.860 -1.17044 -4.36171
4.870 -0.65279 -4.33345
4.880 -0.09037 -4.19155
4.890 0.45424 -4.02050
4.900 0.97122 -3.77705
4.910 1.42767 -3.54765
4.920 1.74648 -3.31669
4.930 2.09615 -3.04147
4.940 2.36823 -2.70248
4.950 2.59734 -2.18350
4.960 2.80263 -1.82923
4.970 2.95170 -1.43516
4.980 3.01753 -1.09250
4.990 3.07900 -0.76665
5.000 3.11811 -0.44015
5.010 3.14110 -0.09502
5.020 3.08102 0.25002
5.030 2.99769 0.58193
5.040 2.89098 0.89619
5.050 2.78111 1.21524
5.060 2.59849 1.51095
5.070 2.38740 1.77025
5.080 2.17878 1.98823
5.090 1.95695 2.19640
5.100 1.72503 2.36752
5.110 2.36542 2.72934
5.120 1.96492 2.94532
5.130 1.65504 3.08179
5.140 1.33741 3.23104
5.150 0.94264 3.36557
5.160 0.53303 3.53380
5.170 -0.00037 3.60666
5.180 -0.43334 3.57914
5.190 -0.87499 3.62697
5.200 -1.34664 3.58018
5.210 -1.70731 3.55910
5.220 -2.15641 3.52271
5.230 -2.66334 3.41389
5.240 -3.10591 3.15288
5.250 -3.55786 2.86209
5.260 -3.99407 2.45864
5.270 -4.04967 1.31104
5.280 -4.32802 0.81791
5.290 -4.61997 0.27710
5.300 -4.86435 -0.37106
5.310 -5.02349 -1.08938
5.320 -5.10252 -1.88355
5.330 -5.09781 -2.72035
5.340 -4.92929 -3.68109
5.350 -4.62321 -4.79101
5.360 -4.09117 -6.02976
5.370 -3.05353 -7.24636
5.380 -1.85614 -8.38679
5.390 0.13632 -9.40239
5.400 2.53089 -9.95293
5.410 5.84700 -9.24912
5.420 8.15600 -7.09144
5.430 9.56946 -4.35140
5.440 9.75385 -1.46027
5.450 9.21707 0.82412
5.460 8.17441 2.69015
5.470 6.73392 3.86689
5.480 5.53541 4.66902
5.490 4.19852 5.11817
5.500 3.09074 5.22261
5.510 2.15950 5.22392
5.520 1.31447 5.12799
5.530 0.51698 4.95261
5.540 -0.10733 4.72604
5.550 -0.65079 4.39712
5.560 -1.15451 4.07070
5.570 -1.53106 3.65462
5.580 -1.81358 3.30941
5.590 -2.06493 3.22493
5.600 -2.32019 2.87989
5.610 -2.50281 2.49135
5.620 -2.62152 2.10868
5.630 -2.71920 1.76758
5.640 -2.79936 1.41099
5.650 -2.82511 1.08706
5.660 -2.84869 0.75746
5.670 -2.84297 0.42609
5.680 -2.81245 0.10126
5.690 -2.73547 -0.18196
5.700 -2.65334 -0.44522
5.710 -2.54469 -0.67450
5.720 -2.43324 -0.88965
5.730 -2.31871 -1.13273
5.740 -2.16282 -1.31170
5.750 -2.00327 -1.52857
5.760 -1.85780 -1.68702
5.770 -1.69022 -1.85085
5.780 -1.47921 -1.96917
5.790 -1.30894 -2.11520
5.800 -1.09448 -2.22211
5.810 -0.86686 -2.31754
5.820 -0.65743 -2.37539
5.830 -0.41077 -2.39382
5.840 -0.15951 -2.45975
5.850 0.06091 -2.48240
5.860 0.29436 -2.51969
5.870 0.50729 -2.54165
5.880 0.77963 -2.48043
5.890 1.02586 -2.44915
5.900 1.28756 -2.35019
5.910 1.48699 -2.29870
5.920 1.74904 -2.16055
5.930 1.93869 -2.03239
5.940 2.16620 -1.86470
5.950 2.39418 -1.70988
5.960 2.64694 -1.48828
5.970 2.85875 -1.23352
5.980 3.07231 -1.00823
5.990 3.29598 -0.73804
6.000 3.51993 -0.44695
