4.000 -0.08912 -0.08210
4.010 -0.12252 -0.01236
4.020 -0.10582 0.06476
4.030 -0.04736 0.11506
4.040 0.02847 0.12011
4.050 0.09483 0.08271
4.060 0.12530 0.01193
4.070 0.10819 -0.06313
4.080 0.05335 -0.11014
4.090 -0.02019 -0.12082
4.100 -0.08543 -0.08617
4.110 -0.11785 -0.02249
4.120 -0.10760 0.04944
4.130 -0.05861 0.10039
4.140 0.01036 0.11711
4.150 0.07594 0.08841
4.160 0.11386 0.02804
4.170 0.10862 -0.04340
4.180 0.06308 -0.09864
4.190 -0.00652 -0.11614
4.200 -0.07183 -0.09225
4.210 -0.11174 -0.03185
4.220 -0.10975 0.03840
4.230 -0.06828 0.09365
4.240 -0.00259 0.11694
4.250 0.06430 0.09789
4.260 0.10808 0.04414
4.270 0.11416 -0.02683
4.280 0.07670 -0.08921
4.290 0.00874 -0.11865
4.300 -0.06395 -0.09953
4.310 -0.11626 -0.04055
4.320 -0.11704 0.03694
4.330 -0.07271 0.09844
4.340 0.00081 0.12190
4.350 0.06906 0.09728
4.360 0.11093 0.04019
4.370 0.11333 -0.03019
4.380 0.07419 -0.09008
4.390 0.00900 -0.11370
4.400 -0.05671 -0.09867
4.410 -0.10121 -0.04813
4.420 -0.11064 0.01740
4.430 -0.08053 0.07691
4.440 -0.02133 0.10955
4.450 0.04380 0.10274
4.460 0.09427 0.05839
4.470 0.11059 -0.00609
4.480 0.08609 -0.06827
4.490 0.03142 -0.10323
4.500 -0.03246 -0.10350
4.510 -0.08532 -0.06584
4.520 -0.10717 -0.00559
4.530 -0.09109 0.05829
4.540 -0.04035 0.10077
4.550 0.02538 0.10523
4.560 0.08235 0.06977
4.570 0.10800 0.00954
4.580 0.09368 -0.05579
4.590 0.04358 -0.10082
4.600 -0.02308 -0.10630
4.610 -0.07944 -0.07420
4.620 -0.10777 -0.01572
4.630 -0.09629 0.04618
4.640 -0.05250 0.09347
4.650 0.01037 0.10496
4.660 0.06789 0.08079
4.670 0.10323 0.02688
4.680 0.09939 -0.03816
4.690 0.05944 -0.08734
4.700 -0.00223 -0.10641
4.710 -0.06358 -0.08750
4.720 -0.10220 -0.03445
4.730 -0.10415 0.03081
4.740 -0.06765 0.08494
4.750 -0.00511 0.10937
4.760 0.06013 0.09390
4.770 0.10403 0.04072
4.780 0.10838 -0.02816
4.790 0.07186 -0.08689
4.800 0.00675 -0.11139
4.810 -0.06261 -0.09422
4.820 -0.10488 -0.03869
4.830 -0.10622 0.03148
4.840 -0.06631 0.08894
4.850 -0.00128 0.10935
4.860 0.06405 0.08864
4.870 0.10212 0.03458
4.880 0.10274 -0.03079
4.890 0.06566 -0.08253
4.900 0.00793 -0.10373
4.910 -0.05224 -0.08970
4.920 -0.09342 -0.04564
4.930 -0.10330 0.01622
4.940 -0.07626 0.07304
4.950 -0.01872 0.10127
4.960 0.04270 0.09451
4.970 0.08894 0.05218
4.980 0.10302 -0.00935
4.990 0.07807 -0.06808
5.000 0.02518 -0.10172
5.010 -0.03777 -0.09751
5.020 -0.08879 -0.05704
5.030 -0.10605 0.00625
5.040 -0.08160 0.06767
5.050 -0.02796 0.10390
5.060 0.03742 0.10042
5.070 0.08871 0.06182
5.080 0.10885 -0.00194
5.090 0.08617 -0.06548
5.100 0.03229 -0.10417
5.110 -0.05030 -0.11924
5.120 -0.10906 -0.06635
5.130 -0.12583 0.01229
5.140 -0.09392 0.08281
5.150 -0.02630 0.11944
5.160 0.04758 0.11343
5.170 0.10211 0.06601
5.180 0.12049 -0.00194
5.190 0.09893 -0.06917
5.200 0.04283 -0.11232
5.210 -0.02807 -0.11870
5.220 -0.09196 -0.08119
5.230 -0.12288 -0.01375
5.240 -0.10856 0.06046
5.250 -0.05299 0.11314
5.260 0.02165 0.12523
5.270 0.08016 0.08352
5.280 0.11392 0.02297
5.290 0.10540 -0.04825
5.300 0.05724 -0.10096
5.310 -0.01250 -0.11611
5.320 -0.07637 -0.08766
5.330 -0.11415 -0.02785
5.340 -0.10901 0.04350
5.350 -0.06376 0.09825
5.360 0.00703 0.11678
5.370 0.07448 0.08937
5.380 0.11117 0.02889
5.390 0.10622 -0.03988
5.400 0.06290 -0.09443
5.410 -0.00240 -0.11353
5.420 -0.06693 -0.09073
5.430 -0.10689 -0.03441
5.440 -0.10678 0.03325
5.450 -0.06834 0.08948
5.460 -0.00600 0.11210
5.470 0.05912 0.09381
5.480 0.10359 0.04353
5.490 0.10900 -0.02315
5.500 0.07570 -0.08206
5.510 0.01447 -0.11040
5.520 -0.05259 -0.09880
5.530 -0.09954 -0.05057
5.540 -0.11093 0.01533
5.550 -0.08189 0.07627
5.560 -0.02242 0.11056
5.570 0.04679 0.10575
5.580 0.09931 0.05992
5.590 0.12141 -0.01030
5.600 0.09374 -0.07926
5.610 0.03058 -0.12019
5.620 -0.04557 -0.11390
5.630 -0.10539 -0.06554
5.640 -0.12395 0.00973
5.650 -0.09557 0.08158
5.660 -0.02867 0.12177
5.670 0.04816 0.11489
5.680 0.10525 0.06631
5.690 0.12263 -0.00835
5.700 0.09415 -0.07722
5.710 0.03112 -0.11697
5.720 -0.04353 -0.11221
5.730 -0.09843 -0.06744
5.740 -0.11920 0.00182
5.750 -0.09574 0.07008
5.760 -0.03759 0.11261
5.770 0.03559 0.11332
5.780 0.09371 0.07176
5.790 0.11726 0.00492
5.800 0.09810 -0.06502
5.810 0.04169 -0.11140
5.820 -0.03053 -0.11523
5.830 -0.09255 -0.07505
5.840 -0.11785 -0.00738
5.850 -0.10026 0.06332
5.860 -0.04410 0.11014
5.870 0.02742 0.11581
5.880 0.09094 0.07673
5.890 0.11932 0.01050
5.900 0.10310 -0.06059
5.910 0.04848 -0.11161
5.920 -0.02481 -0.11698
5.930 -0.08852 -0.08189
5.940 -0.11825 -0.01477
5.950 -0.10445 0.05445
5.960 -0.05374 0.10452
5.970 0.01849 0.11562
5.980 0.08134 0.08498
5.990 0.11601 0.02141
6.000 0.10776 -0.04922
