4.000 -0.01754 0.01641
4.010 -0.00308 0.00363
4.020 -0.01091 -0.01146
4.030 -0.02477 -0.00828
4.040 -0.02269 -0.00011
4.050 -0.01585 -0.00718
4.060 -0.02618 -0.02122
4.070 -0.04922 -0.01774
4.080 -0.05869 0.00784
4.090 -0.04104 0.02938
4.100 -0.01594 0.01855
4.110 -0.02274 -0.00821
4.120 -0.05392 -0.00809
4.130 -0.06914 0.01983
4.140 -0.05496 0.04434
4.150 -0.03742 0.04665
4.160 -0.03305 0.04442
4.170 -0.03135 0.05114
4.180 -0.01751 0.05952
4.190 -0.00020 0.04997
4.200 -0.00188 0.03150
4.210 -0.02134 0.03095
4.220 -0.02569 0.05535
4.230 0.00086 0.07067
4.240 0.02820 0.05644
4.250 0.03045 0.03045
4.260 0.01300 0.02081
4.270 0.00345 0.03121
4.280 0.01360 0.04099
4.290 0.02729 0.03532
4.300 0.02749 0.02134
4.310 0.02064 0.01922
4.320 0.02443 0.02410
4.330 0.03573 0.01551
4.340 0.03280 -0.00190
4.350 0.01609 -0.00705
4.360 0.00510 0.00267
4.370 0.00882 0.01304
4.380 0.01945 0.01146
4.390 0.02046 -0.00087
4.400 0.00935 -0.00612
4.410 0.00019 -0.00001
4.420 0.00141 0.00902
4.430 0.00498 0.01147
4.440 0.00598 0.01360
4.450 0.01011 0.01693
4.460 0.01831 0.01428
4.470 0.02114 0.00368
4.480 0.01463 -0.00414
4.490 0.00467 -0.00232
4.500 0.00078 0.00764
4.510 0.00789 0.01740
4.520 0.01843 0.01656
4.530 0.02242 0.01230
4.540 0.02478 0.00864
4.550 0.02807 0.00447
4.560 0.02900 -0.00396
4.570 0.02499 -0.00827
4.580 0.02247 -0.00804
4.590 0.02403 -0.00927
4.600 0.02509 -0.01396
4.610 0.02244 -0.02125
4.620 0.01329 -0.02516
4.630 0.00591 -0.01934
4.640 0.00659 -0.01398
4.650 0.00967 -0.01520
4.660 0.00705 -0.01934
4.670 0.00263 -0.01728
4.680 0.00520 -0.01485
4.690 0.00832 -0.01945
4.700 0.00372 -0.02904
4.710 -0.00945 -0.03246
4.720 -0.02244 -0.02315
4.730 -0.02198 -0.00920
4.740 -0.01358 -0.00461
4.750 -0.01142 -0.00740
4.760 -0.01825 -0.00507
4.770 -0.01674 0.00730
4.780 -0.00527 0.01173
4.790 0.00230 0.00449
4.800 -0.00162 -0.00177
4.810 -0.00872 0.00187
4.820 -0.00545 0.01056
4.830 0.00606 0.00981
4.840 0.01008 -0.00115
4.850 -0.00039 -0.00698
4.860 -0.00858 0.00345
4.870 0.00060 0.01464
4.880 0.01473 0.01019
4.890 0.01577 -0.00229
4.900 0.00724 -0.00769
4.910 0.00297 -0.00180
4.920 0.01042 0.00083
4.930 0.01695 -0.01020
4.940 0.00793 -0.02448
4.950 -0.01161 -0.02361
4.960 -0.01978 -0.00901
4.970 -0.01313 0.00019
4.980 -0.00799 -0.00235
4.990 -0.01237 -0.00473
5.000 -0.01853 0.00169
5.010 -0.01444 0.01165
5.020 -0.00355 0.01202
5.030 -0.00022 0.00461
5.040 -0.00722 0.00072
5.050 -0.01261 0.00819
5.060 -0.00621 0.01542
5.070 0.00169 0.01187
5.080 -0.00172 0.00579
5.090 -0.00937 0.00966
5.100 -0.00714 0.02151
5.110 0.01475 0.03149
5.120 0.02671 0.01983
5.130 0.02573 0.00702
5.140 0.01808 0.00342
5.150 0.01887 0.00706
5.160 0.02573 0.00430
5.170 0.02498 -0.00751
5.180 0.01609 -0.01210
5.190 0.00981 -0.00864
5.200 0.01104 -0.00507
5.210 0.01393 -0.00890
5.220 0.00938 -0.01295
5.230 0.00184 -0.01241
5.240 -0.00114 -0.00573
5.250 0.00349 -0.00064
5.260 0.00869 -0.00356
5.270 0.00673 -0.00663
5.280 0.00339 -0.00789
5.290 0.00100 -0.00734
5.300 -0.00131 -0.00630
5.310 -0.00569 -0.00382
5.320 -0.00781 0.00222
5.330 -0.00426 0.00962
5.340 0.00415 0.01257
5.350 0.01136 0.00804
5.360 0.01276 0.00080
5.370 0.00902 -0.00143
5.380 0.00794 0.00060
5.390 0.01019 0.00132
5.400 0.01274 0.00018
5.410 0.01501 -0.00210
5.420 0.01753 -0.00671
5.430 0.01608 -0.01328
5.440 0.01045 -0.01675
5.450 0.00554 -0.01612
5.460 0.00320 -0.01139
5.470 0.00606 -0.00903
5.480 0.00967 -0.01279
5.490 0.00686 -0.01709
5.500 0.00084 -0.01757
5.510 -0.00039 -0.01472
5.520 0.00081 -0.01604
5.530 -0.00233 -0.01963
5.540 -0.00888 -0.01818
5.550 -0.01183 -0.01145
5.560 -0.00736 -0.00578
5.570 -0.00146 -0.00894
5.580 -0.00495 -0.01608
5.590 -0.01666 -0.01606
5.600 -0.02145 -0.00389
5.610 -0.01209 0.00603
5.620 -0.00116 0.00354
5.630 0.00074 -0.00457
5.640 -0.00252 -0.00726
5.650 -0.00432 -0.00626
5.660 -0.00270 -0.00670
5.670 -0.00393 -0.01033
5.680 -0.01011 -0.01043
5.690 -0.01272 -0.00435
5.700 -0.00643 0.00098
5.710 0.00066 -0.00478
5.720 -0.00316 -0.01406
5.730 -0.01297 -0.01264
5.740 -0.01556 -0.00344
5.750 -0.00819 0.00128
5.760 -0.00125 -0.00430
5.770 -0.00495 -0.01382
5.780 -0.01466 -0.01505
5.790 -0.02013 -0.00820
5.800 -0.01725 -0.00242
5.810 -0.01589 -0.00340
5.820 -0.02025 -0.00197
5.830 -0.02169 0.00626
5.840 -0.01426 0.01207
5.850 -0.00531 0.00911
5.860 -0.00478 0.00015
5.870 -0.01255 -0.00406
5.880 -0.01968 0.00169
5.890 -0.01652 0.01134
5.900 -0.00865 0.01255
5.910 -0.00590 0.00783
5.920 -0.00993 0.00651
5.930 -0.01136 0.00945
5.940 -0.00897 0.01250
5.950 -0.00603 0.01266
5.960 -0.00490 0.01227
5.970 -0.00246 0.01335
5.980 0.00199 0.01404
5.990 0.00732 0.00949
6.000 0.00687 0.00140
